<?xml version="1.0" encoding="utf-8"?>
<COLLADA xmlns="http://www.collada.org/2005/11/COLLADASchema" version="1.4.1">
  <asset><contributor><author>Mixamo</author><authoring_tool>COLLADA Mixamo exporter</authoring_tool><comments></comments></contributor><created>2016-06-10T14:50:13Z</created><modified>2016-06-10T14:50:13Z</modified><revision></revision><title></title><unit meter="0.010000"/><up_axis>Y_UP</up_axis></asset>
  <library_animations>
    <animation id="mixamorig_Hips-anim" name="mixamorig_Hips"><source id="mixamorig_Hips-Matrix-animation-input"><float_array id="mixamorig_Hips-Matrix-animation-input-array" count="299">

0.000000 0.033333 0.066667 0.100000 0.133333 0.166667 0.200000 0.233333 0.266667 0.300000 0.333333 0.366667 0.400000 0.433333 0.466667 0.500000
0.533333 0.566667 0.600000 0.633333 0.666667 0.700000 0.733333 0.766667 0.800000 0.833333 0.866667 0.900000 0.933333 0.966667 1.000000 1.033333
1.066667 1.100000 1.133333 1.166667 1.200000 1.233333 1.266667 1.300000 1.333333 1.366667 1.400000 1.433333 1.466667 1.500000 1.533333 1.566667
1.600000 1.633333 1.666667 1.700000 1.733333 1.766667 1.800000 1.833333 1.866667 1.900000 1.933333 1.966667 2.000000 2.033333 2.066667 2.100000
2.133333 2.166667 2.200000 2.233333 2.266667 2.300000 2.333333 2.366667 2.400000 2.433333 2.466667 2.500000 2.533333 2.566667 2.600000 2.633333
2.666667 2.700000 2.733333 2.766667 2.800000 2.833333 2.866667 2.900000 2.933333 2.966667 3.000000 3.033333 3.066667 3.100000 3.133333 3.166667
3.200000 3.233333 3.266667 3.300000 3.333333 3.366667 3.400000 3.433333 3.466667 3.500000 3.533333 3.566667 3.600000 3.633333 3.666667 3.700000
3.733333 3.766667 3.800000 3.833333 3.866667 3.900000 3.933333 3.966667 4.000000 4.033333 4.066667 4.100000 4.133333 4.166667 4.200000 4.233333
4.266667 4.300000 4.333333 4.366667 4.400000 4.433333 4.466667 4.500000 4.533333 4.566667 4.600000 4.633333 4.666667 4.700000 4.733333 4.766667
4.800000 4.833333 4.866667 4.900000 4.933333 4.966667 5.000000 5.033333 5.066667 5.100000 5.133333 5.166667 5.200000 5.233333 5.266667 5.300000
5.333333 5.366667 5.400000 5.433333 5.466667 5.500000 5.533333 5.566667 5.600000 5.633333 5.666667 5.700000 5.733333 5.766667 5.800000 5.833333
5.866667 5.900000 5.933333 5.966667 6.000000 6.033333 6.066667 6.100000 6.133333 6.166667 6.200000 6.233333 6.266667 6.300000 6.333333 6.366667
6.400000 6.433333 6.466667 6.500000 6.533333 6.566667 6.600000 6.633333 6.666667 6.700000 6.733333 6.766667 6.800000 6.833333 6.866667 6.900000
6.933333 6.966667 7.000000 7.033333 7.066667 7.100000 7.133333 7.166667 7.200000 7.233333 7.266667 7.300000 7.333333 7.366667 7.400000 7.433333
7.466667 7.500000 7.533333 7.566667 7.600000 7.633333 7.666667 7.700000 7.733333 7.766667 7.800000 7.833333 7.866667 7.900000 7.933333 7.966667
8.000000 8.033333 8.066667 8.100000 8.133333 8.166667 8.200000 8.233333 8.266667 8.300000 8.333333 8.366667 8.400000 8.433333 8.466667 8.500000
8.533333 8.566667 8.600000 8.633333 8.666667 8.700000 8.733333 8.766667 8.800000 8.833333 8.866667 8.900000 8.933333 8.966667 9.000000 9.033333
9.066667 9.100000 9.133333 9.166667 9.200000 9.233333 9.266667 9.300000 9.333333 9.366667 9.400000 9.433333 9.466667 9.500000 9.533333 9.566667
9.600000 9.633333 9.666667 9.700000 9.733333 9.766667 9.800000 9.833333 9.866667 9.900000 9.933333</float_array><technique_common><accessor source="#mixamorig_Hips-Matrix-animation-input-array" count="299"><param name="TIME" type="float"/></accessor></technique_common></source><source id="mixamorig_Hips-Matrix-animation-output-transform"><float_array id="mixamorig_Hips-Matrix-animation-output-transform-array" count="4784">

0.999797 0.020091 -0.001794 0.108047 -0.020037 0.999447 0.026545 97.593361 0.002326 -0.026504 0.999646 -0.214620 0.000000 0.000000 0.000000 1.000000
0.999760 0.021817 -0.002061 0.286447 -0.021753 0.999400 0.026945 97.554207 0.002648 -0.026894 0.999635 -0.250650 0.000000 0.000000 0.000000 1.000000
0.999724 0.023390 -0.002138 0.458861 -0.023323 0.999352 0.027409 97.523346 0.002777 -0.027351 0.999622 -0.262997 0.000000 0.000000 0.000000 1.000000
0.999700 0.024436 -0.001722 0.611499 -0.024378 0.999305 0.028187 97.516373 0.002410 -0.028137 0.999601 -0.210256 0.000000 0.000000 0.000000 1.000000
0.999679 0.025295 -0.001185 0.751712 -0.025250 0.999256 0.029143 97.501678 0.001921 -0.029104 0.999575 -0.156810 0.000000 0.000000 0.000000 1.000000
0.999657 0.026193 -0.000497 0.880869 -0.026166 0.999202 0.030162 97.468170 0.001286 -0.030139 0.999545 -0.105208 0.000000 0.000000 0.000000 1.000000
0.999627 0.027292 0.000310 0.999511 -0.027288 0.999142 0.031149 97.411850 0.000540 -0.031145 0.999515 -0.057463 0.000000 0.000000 0.000000 1.000000
0.999590 0.028600 0.001148 1.107214 -0.028622 0.999076 0.032066 97.335732 -0.000230 -0.032086 0.999485 -0.014144 0.000000 0.000000 0.000000 1.000000
0.999549 0.029979 0.001927 1.202855 -0.030026 0.999007 0.032921 97.246361 -0.000938 -0.032964 0.999456 0.025374 0.000000 0.000000 0.000000 1.000000
0.999509 0.031241 0.002601 1.285035 -0.031311 0.998941 0.033716 97.149963 -0.001545 -0.033780 0.999428 0.061975 0.000000 0.000000 0.000000 1.000000
0.999475 0.032245 0.003174 1.352363 -0.032335 0.998884 0.034425 97.050896 -0.002060 -0.034509 0.999402 0.096174 0.000000 0.000000 0.000000 1.000000
0.999450 0.032952 0.003656 1.403680 -0.033060 0.998840 0.035018 96.951408 -0.002498 -0.035120 0.999380 0.127955 0.000000 0.000000 0.000000 1.000000
0.999433 0.033414 0.004029 1.438796 -0.033536 0.998807 0.035482 96.852203 -0.002839 -0.035597 0.999362 0.156892 0.000000 0.000000 0.000000 1.000000
0.999422 0.033734 0.004237 1.459458 -0.033865 0.998784 0.035825 96.753197 -0.003024 -0.035948 0.999349 0.182253 0.000000 0.000000 0.000000 1.000000
0.999413 0.034010 0.004211 1.469148 -0.034140 0.998766 0.036068 96.654480 -0.002979 -0.036190 0.999340 0.203105 0.000000 0.000000 0.000000 1.000000
0.999404 0.034300 0.003910 1.471322 -0.034419 0.998751 0.036230 96.557381 -0.002663 -0.036343 0.999336 0.218416 0.000000 0.000000 0.000000 1.000000
0.999395 0.034617 0.003353 1.467800 -0.034717 0.998736 0.036343 96.465096 -0.002091 -0.036437 0.999334 0.227321 0.000000 0.000000 0.000000 1.000000
0.999385 0.034963 0.002630 1.458735 -0.035036 0.998721 0.036462 96.382011 -0.001352 -0.036532 0.999332 0.229688 0.000000 0.000000 0.000000 1.000000
0.999373 0.035351 0.001874 1.443835 -0.035396 0.998700 0.036674 96.311775 -0.000575 -0.036718 0.999326 0.226682 0.000000 0.000000 0.000000 1.000000
0.999358 0.035806 0.001201 1.423124 -0.035826 0.998670 0.037067 96.255577 0.000128 -0.037086 0.999312 0.220956 0.000000 0.000000 0.000000 1.000000
0.999339 0.036352 0.000664 1.396937 -0.036352 0.998628 0.037700 96.211647 0.000707 -0.037699 0.999289 0.216067 0.000000 0.000000 0.000000 1.000000
0.999316 0.036981 0.000257 1.365430 -0.036964 0.998572 0.038581 96.176117 0.001170 -0.038564 0.999255 0.215247 0.000000 0.000000 0.000000 1.000000
0.999291 0.037647 -0.000056 1.328412 -0.037615 0.998505 0.039664 96.143211 0.001549 -0.039634 0.999213 0.220003 0.000000 0.000000 0.000000 1.000000
0.999267 0.038267 -0.000320 1.285481 -0.038222 0.998433 0.040865 96.106422 0.001883 -0.040822 0.999165 0.229406 0.000000 0.000000 0.000000 1.000000
0.999249 0.038746 -0.000581 1.236133 -0.038687 0.998365 0.042074 96.061935 0.002210 -0.042019 0.999114 0.240757 0.000000 0.000000 0.000000 1.000000
0.999239 0.039001 -0.000880 1.180043 -0.038926 0.998307 0.043211 96.011650 0.002563 -0.043143 0.999066 0.251406 0.000000 0.000000 0.000000 1.000000
0.999238 0.039011 -0.001232 1.117172 -0.038919 0.998261 0.044271 95.962563 0.002957 -0.044189 0.999019 0.260326 0.000000 0.000000 0.000000 1.000000
0.999245 0.038828 -0.001614 1.047895 -0.038715 0.998222 0.045324 95.922363 0.003371 -0.045227 0.998971 0.268252 0.000000 0.000000 0.000000 1.000000
0.999255 0.038552 -0.001980 0.972890 -0.038418 0.998182 0.046447 95.894653 0.003767 -0.046336 0.998919 0.276412 0.000000 0.000000 0.000000 1.000000
0.999264 0.038289 -0.002278 0.892831 -0.038137 0.998136 0.047652 95.876984 0.004099 -0.047530 0.998861 0.285216 0.000000 0.000000 0.000000 1.000000
0.999270 0.038118 -0.002475 0.808245 -0.037952 0.998084 0.048867 95.862183 0.004333 -0.048738 0.998802 0.293750 0.000000 0.000000 0.000000 1.000000
0.999272 0.038069 -0.002568 0.719402 -0.037893 0.998031 0.049992 95.842834 0.004466 -0.049859 0.998746 0.300302 0.000000 0.000000 0.000000 1.000000
0.999270 0.038108 -0.002593 0.626197 -0.037926 0.997979 0.050982 95.815704 0.004530 -0.050846 0.998696 0.303267 0.000000 0.000000 0.000000 1.000000
0.999269 0.038150 -0.002601 0.528261 -0.037964 0.997932 0.051874 95.783356 0.004574 -0.051737 0.998650 0.301690 0.000000 0.000000 0.000000 1.000000
0.999271 0.038096 -0.002632 0.425144 -0.037904 0.997889 0.052742 95.751442 0.004636 -0.052604 0.998605 0.295271 0.000000 0.000000 0.000000 1.000000
0.999279 0.037882 -0.002698 0.316547 -0.037683 0.997849 0.053632 95.724419 0.004724 -0.053492 0.998557 0.284166 0.000000 0.000000 0.000000 1.000000
0.999292 0.037518 -0.002777 0.202668 -0.037311 0.997815 0.054522 95.703270 0.004816 -0.054380 0.998509 0.268891 0.000000 0.000000 0.000000 1.000000
0.999309 0.037062 -0.002830 0.083959 -0.036849 0.997788 0.055321 95.686661 0.004874 -0.055178 0.998465 0.250305 0.000000 0.000000 0.000000 1.000000
0.999327 0.036561 -0.002838 -0.039233 -0.036345 0.997774 0.055903 95.673370 0.004875 -0.055763 0.998432 0.229431 0.000000 0.000000 0.000000 1.000000
0.999347 0.036021 -0.002811 -0.166744 -0.035807 0.997780 0.056159 95.663963 0.004828 -0.056022 0.998418 0.207060 0.000000 0.000000 0.000000 1.000000
0.999368 0.035433 -0.002785 -0.298598 -0.035221 0.997807 0.056044 95.660149 0.004765 -0.055911 0.998424 0.183351 0.000000 0.000000 0.000000 1.000000
0.999390 0.034812 -0.002780 -0.434554 -0.034604 0.997853 0.055601 95.663643 0.004710 -0.055471 0.998449 0.157683 0.000000 0.000000 0.000000 1.000000
0.999411 0.034217 -0.002781 -0.574224 -0.034013 0.997911 0.054933 95.673553 0.004655 -0.054806 0.998486 0.128872 0.000000 0.000000 0.000000 1.000000
0.999428 0.033695 -0.002755 -0.717265 -0.033496 0.997970 0.054156 95.687378 0.004574 -0.054033 0.998529 0.095559 0.000000 0.000000 0.000000 1.000000
0.999445 0.033214 -0.002687 -0.863725 -0.033023 0.998030 0.053347 95.702179 0.004453 -0.053229 0.998572 0.056660 0.000000 0.000000 0.000000 1.000000
0.999464 0.032644 -0.002608 -1.014366 -0.032462 0.998092 0.052512 95.717674 0.004317 -0.052400 0.998617 0.011583 0.000000 0.000000 0.000000 1.000000
0.999491 0.031808 -0.002570 -1.170080 -0.031633 0.998166 0.051610 95.737213 0.004207 -0.051502 0.998664 -0.039443 0.000000 0.000000 0.000000 1.000000
0.999528 0.030603 -0.002576 -1.331413 -0.030434 0.998255 0.050608 95.766891 0.004120 -0.050505 0.998715 -0.094963 0.000000 0.000000 0.000000 1.000000
0.999574 0.029093 -0.002521 -1.497946 -0.028932 0.998353 0.049545 95.811272 0.003958 -0.049451 0.998769 -0.152200 0.000000 0.000000 0.000000 1.000000
0.999620 0.027482 -0.002216 -1.668366 -0.027342 0.998447 0.048539 95.869698 0.003546 -0.048460 0.998819 -0.207884 0.000000 0.000000 0.000000 1.000000
0.999661 0.025995 -0.001491 -1.841306 -0.025894 0.998526 0.047703 95.935593 0.002729 -0.047648 0.998860 -0.259720 0.000000 0.000000 0.000000 1.000000
0.999694 0.024749 -0.000330 -2.016006 -0.024706 0.998586 0.047065 95.999222 0.001494 -0.047043 0.998892 -0.307209 0.000000 0.000000 0.000000 1.000000
0.999718 0.023712 0.001101 -2.192545 -0.023738 0.998634 0.046542 96.054832 0.000004 -0.046555 0.998916 -0.351349 0.000000 0.000000 0.000000 1.000000
0.999738 0.022749 0.002545 -2.371548 -0.022842 0.998681 0.045982 96.103577 -0.001495 -0.046028 0.998939 -0.393578 0.000000 0.000000 0.000000 1.000000
0.999757 0.021722 0.003801 -2.553414 -0.021872 0.998737 0.045237 96.151726 -0.002814 -0.045309 0.998969 -0.434950 0.000000 0.000000 0.000000 1.000000
0.999777 0.020570 0.004804 -2.738359 -0.020763 0.998805 0.044235 96.205154 -0.003888 -0.044325 0.999010 -0.475732 0.000000 0.000000 0.000000 1.000000
0.999797 0.019340 0.005585 -2.926691 -0.019562 0.998883 0.043019 96.265282 -0.004747 -0.043119 0.999059 -0.515477 0.000000 0.000000 0.000000 1.000000
0.999816 0.018149 0.006180 -3.119078 -0.018392 0.998960 0.041732 96.328476 -0.005417 -0.041838 0.999110 -0.553330 0.000000 0.000000 0.000000 1.000000
0.999832 0.017115 0.006574 -3.315474 -0.017367 0.999026 0.040557 96.388428 -0.005873 -0.040664 0.999156 -0.588452 0.000000 0.000000 0.000000 1.000000
0.999845 0.016278 0.006725 -3.514987 -0.016532 0.999077 0.039638 96.439835 -0.006074 -0.039743 0.999191 -0.620420 0.000000 0.000000 0.000000 1.000000
0.999857 0.015574 0.006641 -3.717080 -0.015821 0.999113 0.039022 96.480927 -0.006027 -0.039122 0.999216 -0.649347 0.000000 0.000000 0.000000 1.000000
0.999869 0.014850 0.006401 -3.922316 -0.015087 0.999139 0.038660 96.515518 -0.005822 -0.038751 0.999232 -0.675541 0.000000 0.000000 0.000000 1.000000
0.999884 0.013966 0.006120 -4.131414 -0.014191 0.999160 0.038455 96.550804 -0.005578 -0.038537 0.999242 -0.698818 0.000000 0.000000 0.000000 1.000000
0.999900 0.012855 0.005865 -4.344712 -0.013070 0.999179 0.038340 96.593460 -0.005367 -0.038413 0.999248 -0.717882 0.000000 0.000000 0.000000 1.000000
0.999918 0.011527 0.005624 -4.561810 -0.011734 0.999198 0.038289 96.646072 -0.005179 -0.038352 0.999251 -0.730448 0.000000 0.000000 0.000000 1.000000
0.999936 0.010004 0.005366 -4.782310 -0.010202 0.999215 0.038288 96.707115 -0.004979 -0.038341 0.999252 -0.734280 0.000000 0.000000 0.000000 1.000000
0.999953 0.008286 0.005117 -5.005903 -0.008476 0.999230 0.038321 96.773254 -0.004795 -0.038363 0.999252 -0.728308 0.000000 0.000000 0.000000 1.000000
0.999967 0.006364 0.005004 -5.232504 -0.006552 0.999242 0.038377 96.842285 -0.004756 -0.038409 0.999251 -0.713347 0.000000 0.000000 0.000000 1.000000
0.999978 0.004242 0.005191 -5.461848 -0.004439 0.999250 0.038457 96.914413 -0.005024 -0.038479 0.999247 -0.691940 0.000000 0.000000 0.000000 1.000000
0.999981 0.001957 0.005763 -5.693488 -0.002178 0.999254 0.038555 96.991257 -0.005684 -0.038567 0.999240 -0.667168 0.000000 0.000000 0.000000 1.000000
0.999978 -0.000435 0.006656 -5.926838 0.000177 0.999253 0.038648 97.074379 -0.006668 -0.038646 0.999231 -0.641179 0.000000 0.000000 0.000000 1.000000
0.999966 -0.002876 0.007698 -6.161275 0.002576 0.999247 0.038720 97.164536 -0.007804 -0.038698 0.999220 -0.614223 0.000000 0.000000 0.000000 1.000000
0.999948 -0.005336 0.008711 -6.396266 0.004994 0.999236 0.038774 97.261681 -0.008911 -0.038729 0.999210 -0.584638 0.000000 0.000000 0.000000 1.000000
0.999923 -0.007821 0.009583 -6.631641 0.007443 0.999218 0.038828 97.363800 -0.009879 -0.038753 0.999200 -0.549623 0.000000 0.000000 0.000000 1.000000
0.999894 -0.010344 0.010291 -6.867214 0.009937 0.999194 0.038891 97.465416 -0.010685 -0.038785 0.999190 -0.506442 0.000000 0.000000 0.000000 1.000000
0.999858 -0.012888 0.010865 -7.102561 0.012456 0.999163 0.038967 97.557854 -0.011358 -0.038827 0.999181 -0.453860 0.000000 0.000000 0.000000 1.000000
0.999817 -0.015388 0.011335 -7.336969 0.014934 0.999126 0.039051 97.632378 -0.011926 -0.038874 0.999173 -0.393308 0.000000 0.000000 0.000000 1.000000
0.999773 -0.017786 0.011693 -7.569677 0.017316 0.999085 0.039099 97.684456 -0.012378 -0.038888 0.999167 -0.328567 0.000000 0.000000 0.000000 1.000000
0.999727 -0.020091 0.011924 -7.800497 0.019612 0.999045 0.039035 97.715820 -0.012696 -0.038790 0.999167 -0.264463 0.000000 0.000000 0.000000 1.000000
0.999676 -0.022394 0.012071 -8.029698 0.021910 0.999007 0.038798 97.732483 -0.012928 -0.038521 0.999174 -0.205244 0.000000 0.000000 0.000000 1.000000
0.999617 -0.024808 0.012287 -8.257914 0.024320 0.998967 0.038396 97.741661 -0.013227 -0.038082 0.999187 -0.153554 0.000000 0.000000 0.000000 1.000000
0.999543 -0.027388 0.012796 -8.485368 0.026886 0.998920 0.037906 97.746956 -0.013820 -0.037545 0.999199 -0.109993 0.000000 0.000000 0.000000 1.000000
0.999452 -0.030097 0.013783 -8.711697 0.029563 0.998862 0.037435 97.747490 -0.014894 -0.037007 0.999204 -0.073208 0.000000 0.000000 0.000000 1.000000
0.999345 -0.032813 0.015285 -8.935810 0.032228 0.998793 0.037080 97.739067 -0.016484 -0.036563 0.999195 -0.040730 0.000000 0.000000 0.000000 1.000000
0.999226 -0.035388 0.017188 -9.156445 0.034735 0.998715 0.036899 97.718079 -0.018471 -0.036273 0.999171 -0.010252 0.000000 0.000000 0.000000 1.000000
0.999103 -0.037691 0.019316 -9.372482 0.036960 0.998635 0.036916 97.684853 -0.020681 -0.036169 0.999132 0.019473 0.000000 0.000000 0.000000 1.000000
0.998982 -0.039623 0.021551 -9.582918 0.038805 0.998557 0.037126 97.644157 -0.022991 -0.036252 0.999078 0.048430 0.000000 0.000000 0.000000 1.000000
0.998871 -0.041089 0.023853 -9.786572 0.040179 0.998489 0.037489 97.601753 -0.025358 -0.036488 0.999012 0.075323 0.000000 0.000000 0.000000 1.000000
0.998773 -0.042026 0.026214 -9.982845 0.041017 0.998439 0.037918 97.560593 -0.027767 -0.036796 0.998937 0.098190 0.000000 0.000000 0.000000 1.000000
0.998692 -0.042401 0.028586 -10.171656 0.041293 0.998413 0.038297 97.518433 -0.030165 -0.037066 0.998857 0.114866 0.000000 0.000000 0.000000 1.000000
0.998630 -0.042245 0.030863 -10.352897 0.041045 0.998415 0.038517 97.469368 -0.032441 -0.037198 0.998781 0.123559 0.000000 0.000000 0.000000 1.000000
0.998590 -0.041658 0.032890 -10.526821 0.040383 0.998441 0.038527 97.407379 -0.034443 -0.037144 0.998716 0.123534 0.000000 0.000000 0.000000 1.000000
0.998572 -0.040778 0.034505 -10.693991 0.039449 0.998485 0.038350 97.328072 -0.036017 -0.036934 0.998668 0.114766 0.000000 0.000000 0.000000 1.000000
0.998576 -0.039728 0.035599 -10.854814 0.038369 0.998538 0.038073 97.230827 -0.037060 -0.036653 0.998641 0.097881 0.000000 0.000000 0.000000 1.000000
0.998600 -0.038595 0.036165 -11.009695 0.037225 0.998591 0.037808 97.119743 -0.037573 -0.036408 0.998630 0.074163 0.000000 0.000000 0.000000 1.000000
0.998640 -0.037400 0.036314 -11.158939 0.036031 0.998641 0.037648 97.001648 -0.037672 -0.036288 0.998631 0.045830 0.000000 0.000000 0.000000 1.000000
0.998690 -0.036127 0.036231 -11.302313 0.034761 0.998686 0.037662 96.882774 -0.037544 -0.036354 0.998633 0.016175 0.000000 0.000000 0.000000 1.000000
0.998743 -0.034766 0.036118 -11.438670 0.033395 0.998724 0.037891 96.765007 -0.037389 -0.036637 0.998629 -0.011196 0.000000 0.000000 0.000000 1.000000
0.998791 -0.033333 0.036136 -11.566962 0.031945 0.998754 0.038332 96.644409 -0.037369 -0.037131 0.998611 -0.033915 0.000000 0.000000 0.000000 1.000000
0.998829 -0.031891 0.036377 -11.689346 0.030471 0.998777 0.038935 96.515579 -0.037574 -0.037781 0.998579 -0.052225 0.000000 0.000000 0.000000 1.000000
0.998854 -0.030521 0.036854 -11.810185 0.029057 0.998792 0.039623 96.375610 -0.038018 -0.038507 0.998535 -0.068748 0.000000 0.000000 0.000000 1.000000
0.998866 -0.029288 0.037527 -11.925361 0.027770 0.998800 0.040338 96.230324 -0.038663 -0.039250 0.998481 -0.086752 0.000000 0.000000 0.000000 1.000000
0.998867 -0.028214 0.038326 -12.013678 0.026636 0.998802 0.041059 96.092850 -0.039439 -0.039991 0.998421 -0.108113 0.000000 0.000000 0.000000 1.000000
0.998860 -0.027284 0.039168 -12.052302 0.025644 0.998797 0.041789 95.979065 -0.040261 -0.040737 0.998358 -0.132405 0.000000 0.000000 0.000000 1.000000
0.998851 -0.026479 0.039955 -12.042346 0.024776 0.998788 0.042533 95.902374 -0.041033 -0.041494 0.998296 -0.157510 0.000000 0.000000 0.000000 1.000000
0.998844 -0.025782 0.040576 -12.002030 0.024023 0.998774 0.043277 95.870338 -0.041642 -0.042252 0.998239 -0.181063 0.000000 0.000000 0.000000 1.000000
0.998845 -0.025173 0.040927 -11.942763 0.023369 0.998759 0.043980 95.883469 -0.041983 -0.042972 0.998194 -0.201629 0.000000 0.000000 0.000000 1.000000
0.998858 -0.024607 0.040956 -11.864413 0.022777 0.998746 0.044575 95.933884 -0.042001 -0.043591 0.998166 -0.219046 0.000000 0.000000 0.000000 1.000000
0.998883 -0.024006 0.040697 -11.764493 0.022170 0.998742 0.044982 96.005913 -0.041726 -0.044030 0.998158 -0.234108 0.000000 0.000000 0.000000 1.000000
0.998918 -0.023274 0.040251 -11.643367 0.021452 0.998751 0.045118 96.079773 -0.041251 -0.044206 0.998170 -0.248162 0.000000 0.000000 0.000000 1.000000
0.998961 -0.022349 0.039717 -11.502830 0.020560 0.998780 0.044899 96.141518 -0.040672 -0.044036 0.998202 -0.262964 0.000000 0.000000 0.000000 1.000000
0.999008 -0.021263 0.039131 -11.344761 0.019526 0.998831 0.044226 96.190628 -0.040025 -0.043418 0.998255 -0.280815 0.000000 0.000000 0.000000 1.000000
0.999057 -0.020155 0.038463 -11.171072 0.018497 0.998905 0.042983 96.239395 -0.039287 -0.042231 0.998335 -0.304559 0.000000 0.000000 0.000000 1.000000
0.999105 -0.019217 0.037671 -10.984118 0.017666 0.999000 0.041077 96.304207 -0.038422 -0.040375 0.998446 -0.336995 0.000000 0.000000 0.000000 1.000000
0.999151 -0.018585 0.036755 -10.786008 0.017167 0.999110 0.038536 96.395180 -0.037438 -0.037872 0.998581 -0.379431 0.000000 0.000000 0.000000 1.000000
0.999194 -0.018262 0.035742 -10.578070 0.016991 0.999223 0.035569 96.510284 -0.036364 -0.034933 0.998728 -0.430251 0.000000 0.000000 0.000000 1.000000
0.999236 -0.018117 0.034616 -10.360694 0.016992 0.999327 0.032517 96.637276 -0.035182 -0.031904 0.998872 -0.484945 0.000000 0.000000 0.000000 1.000000
0.999285 -0.017972 0.033276 -10.133830 0.016985 0.999414 0.029706 96.761879 -0.033791 -0.029120 0.999005 -0.538098 0.000000 0.000000 0.000000 1.000000
0.999345 -0.017693 0.031582 -9.897732 0.016833 0.999486 0.027301 96.859375 -0.032048 -0.026752 0.999128 -0.586134 0.000000 0.000000 0.000000 1.000000
0.999417 -0.017251 0.029461 -9.653423 0.016508 0.999544 0.025281 96.940025 -0.029884 -0.024780 0.999246 -0.628386 0.000000 0.000000 0.000000 1.000000
0.999496 -0.016690 0.027000 -9.402203 0.016056 0.999594 0.023519 97.008415 -0.027381 -0.023073 0.999359 -0.666290 0.000000 0.000000 0.000000 1.000000
0.999572 -0.016068 0.024437 -9.146062 0.015534 0.999640 0.021888 97.067101 -0.024780 -0.021499 0.999462 -0.701454 0.000000 0.000000 0.000000 1.000000
0.999637 -0.015447 0.022093 -8.886787 0.014998 0.999681 0.020333 97.118576 -0.022400 -0.019994 0.999549 -0.734690 0.000000 0.000000 0.000000 1.000000
0.999685 -0.014846 0.020259 -8.625912 0.014464 0.999717 0.018876 97.165436 -0.020534 -0.018577 0.999617 -0.765791 0.000000 0.000000 0.000000 1.000000
0.999716 -0.014247 0.019109 -8.364749 0.013912 0.999749 0.017545 97.211838 -0.019354 -0.017274 0.999663 -0.794298 0.000000 0.000000 0.000000 1.000000
0.999733 -0.013634 0.018660 -8.104790 0.013331 0.999779 0.016269 97.264488 -0.018877 -0.016016 0.999694 -0.820705 0.000000 0.000000 0.000000 1.000000
0.999739 -0.013011 0.018781 -7.847425 0.012732 0.999809 0.014860 97.330887 -0.018971 -0.014617 0.999713 -0.846596 0.000000 0.000000 0.000000 1.000000
0.999738 -0.012375 0.019239 -7.593408 0.012124 0.999840 0.013134 97.415062 -0.019399 -0.012897 0.999729 -0.873111 0.000000 0.000000 0.000000 1.000000
0.999736 -0.011656 0.019779 -7.341953 0.011439 0.999873 0.011065 97.514755 -0.019906 -0.010836 0.999743 -0.899009 0.000000 0.000000 0.000000 1.000000
0.999737 -0.010735 0.020246 -7.091389 0.010558 0.999905 0.008847 97.620308 -0.020339 -0.008631 0.999756 -0.920154 0.000000 0.000000 0.000000 1.000000
0.999741 -0.009571 0.020664 -6.840496 0.009433 0.999933 0.006772 97.718613 -0.020728 -0.006576 0.999764 -0.931129 0.000000 0.000000 0.000000 1.000000
0.999741 -0.008284 0.021201 -6.589269 0.008178 0.999954 0.005056 97.796463 -0.021242 -0.004881 0.999762 -0.927649 0.000000 0.000000 0.000000 1.000000
0.999733 -0.007085 0.021989 -6.338375 0.007005 0.999969 0.003708 97.845978 -0.022015 -0.003553 0.999751 -0.908325 0.000000 0.000000 0.000000 1.000000
0.999718 -0.006102 0.022966 -6.087922 0.006045 0.999978 0.002558 97.868179 -0.022981 -0.002419 0.999733 -0.874947 0.000000 0.000000 0.000000 1.000000
0.999702 -0.005256 0.023859 -5.836501 0.005224 0.999985 0.001412 97.872421 -0.023866 -0.001287 0.999714 -0.831210 0.000000 0.000000 0.000000 1.000000
0.999694 -0.004305 0.024361 -5.581801 0.004301 0.999991 0.000227 97.871384 -0.024361 -0.000122 0.999703 -0.780586 0.000000 0.000000 0.000000 1.000000
0.999700 -0.003017 0.024306 -5.321533 0.003038 0.999995 -0.000830 97.876457 -0.024303 0.000904 0.999704 -0.725275 0.000000 0.000000 0.000000 1.000000
0.999717 -0.001325 0.023732 -5.054631 0.001361 0.999998 -0.001505 97.895988 -0.023730 0.001536 0.999717 -0.666916 0.000000 0.000000 0.000000 1.000000
0.999740 0.000629 0.022812 -4.781269 -0.000592 0.999999 -0.001623 97.934219 -0.022813 0.001609 0.999738 -0.607703 0.000000 0.000000 0.000000 1.000000
0.999760 0.002606 0.021736 -4.502262 -0.002581 0.999996 -0.001191 97.989250 -0.021739 0.001135 0.999763 -0.550660 0.000000 0.000000 0.000000 1.000000
0.999778 0.004410 0.020615 -4.218084 -0.004403 0.999990 -0.000368 98.052315 -0.020616 0.000277 0.999787 -0.498953 0.000000 0.000000 0.000000 1.000000
0.999793 0.006009 0.019437 -3.928115 -0.006022 0.999982 0.000640 98.111450 -0.019433 -0.000757 0.999811 -0.454974 0.000000 0.000000 0.000000 1.000000
0.999808 0.007531 0.018110 -3.630713 -0.007562 0.999970 0.001669 98.158401 -0.018096 -0.001805 0.999835 -0.420088 0.000000 0.000000 0.000000 1.000000
0.999821 0.009139 0.016542 -3.324042 -0.009183 0.999954 0.002613 98.192505 -0.016517 -0.002764 0.999860 -0.395126 0.000000 0.000000 0.000000 1.000000
0.999833 0.010916 0.014682 -3.006828 -0.010967 0.999934 0.003395 98.219109 -0.014644 -0.003556 0.999886 -0.380750 0.000000 0.000000 0.000000 1.000000
0.999839 0.012870 0.012484 -2.678442 -0.012921 0.999909 0.003992 98.243240 -0.012432 -0.004153 0.999914 -0.377119 0.000000 0.000000 0.000000 1.000000
0.999839 0.014966 0.009877 -2.338411 -0.015011 0.999877 0.004474 98.265526 -0.009808 -0.004621 0.999941 -0.384036 0.000000 0.000000 0.000000 1.000000
0.999830 0.017137 0.006790 -1.985996 -0.017171 0.999840 0.004981 98.281921 -0.006704 -0.005097 0.999965 -0.401630 0.000000 0.000000 0.000000 1.000000
0.999809 0.019264 0.003221 -1.620636 -0.019282 0.999798 0.005667 98.287064 -0.003111 -0.005728 0.999979 -0.430775 0.000000 0.000000 0.000000 1.000000
0.999774 0.021233 -0.000743 -1.242789 -0.021228 0.999753 0.006637 98.277153 0.000884 -0.006619 0.999978 -0.472703 0.000000 0.000000 0.000000 1.000000
0.999723 0.022998 -0.004948 -0.852831 -0.022958 0.999705 0.007932 98.251312 0.005129 -0.007816 0.999956 -0.526873 0.000000 0.000000 0.000000 1.000000
0.999655 0.024609 -0.009219 -0.452422 -0.024521 0.999654 0.009526 98.210640 0.009451 -0.009297 0.999912 -0.591132 0.000000 0.000000 0.000000 1.000000
0.999568 0.026158 -0.013407 -0.043765 -0.026007 0.999597 0.011341 98.156769 0.013698 -0.010987 0.999846 -0.662513 0.000000 0.000000 0.000000 1.000000
0.999464 0.027713 -0.017410 0.370829 -0.027484 0.999534 0.013251 98.091438 0.017769 -0.012765 0.999761 -0.738949 0.000000 0.000000 0.000000 1.000000
0.999346 0.029290 -0.021194 0.789037 -0.028973 0.999466 0.015100 98.016563 0.021625 -0.014477 0.999661 -0.820489 0.000000 0.000000 0.000000 1.000000
0.999215 0.030893 -0.024808 1.208532 -0.030482 0.999395 0.016744 97.934769 0.025310 -0.015975 0.999552 -0.908772 0.000000 0.000000 0.000000 1.000000
0.999067 0.032557 -0.028368 1.627110 -0.032051 0.999322 0.018111 97.849159 0.028938 -0.017185 0.999433 -1.005030 0.000000 0.000000 0.000000 1.000000
0.998897 0.034364 -0.031987 2.042778 -0.033760 0.999245 0.019236 97.762512 0.032624 -0.018135 0.999303 -1.108470 0.000000 0.000000 0.000000 1.000000
0.998701 0.036389 -0.035680 2.453421 -0.035683 0.999158 0.020235 97.675232 0.036386 -0.018935 0.999158 -1.216494 0.000000 0.000000 0.000000 1.000000
0.998478 0.038651 -0.039331 2.856813 -0.037837 0.999058 0.021247 97.584610 0.040116 -0.019726 0.999000 -1.325986 0.000000 0.000000 0.000000 1.000000
0.998238 0.041119 -0.042784 3.249979 -0.040189 0.998941 0.022383 97.485283 0.043659 -0.020624 0.998834 -1.434550 0.000000 0.000000 0.000000 1.000000
0.997984 0.043743 -0.045976 3.630095 -0.042687 0.998807 0.023703 97.370674 0.046958 -0.021693 0.998661 -1.540854 0.000000 0.000000 0.000000 1.000000
0.997717 0.046459 -0.049024 3.994243 -0.045263 0.998657 0.025222 97.235748 0.050130 -0.022946 0.998479 -1.643675 0.000000 0.000000 0.000000 1.000000
0.997427 0.049170 -0.052173 4.339586 -0.047814 0.998493 0.026925 97.080925 0.053418 -0.024361 0.998275 -1.741747 0.000000 0.000000 0.000000 1.000000
0.997109 0.051740 -0.055650 4.663131 -0.050198 0.998325 0.028762 96.915428 0.057045 -0.025885 0.998036 -1.834196 0.000000 0.000000 0.000000 1.000000
0.996765 0.054032 -0.059506 4.961680 -0.052278 0.998162 0.030660 96.751373 0.061054 -0.027450 0.997757 -1.920501 0.000000 0.000000 0.000000 1.000000
0.996409 0.055951 -0.063554 5.232036 -0.053966 0.998013 0.032536 96.589645 0.065248 -0.028989 0.997448 -1.999661 0.000000 0.000000 0.000000 1.000000
0.996067 0.057482 -0.067432 5.471667 -0.055264 0.997882 0.034313 96.462891 0.069262 -0.030451 0.997134 -2.069678 0.000000 0.000000 0.000000 1.000000
0.995768 0.058637 -0.070763 5.677874 -0.056202 0.997773 0.035915 96.366493 0.072712 -0.031785 0.996846 -2.127741 0.000000 0.000000 0.000000 1.000000
0.995539 0.059421 -0.073294 5.848279 -0.056807 0.997690 0.037258 96.287926 0.075339 -0.032928 0.996614 -2.171286 0.000000 0.000000 0.000000 1.000000
0.995391 0.059818 -0.074962 5.980417 -0.057072 0.997637 0.038247 96.216873 0.077073 -0.033792 0.996453 -2.199337 0.000000 0.000000 0.000000 1.000000
0.995323 0.059796 -0.075878 6.071192 -0.056977 0.997621 0.038795 96.151482 0.078017 -0.034290 0.996362 -2.213267 0.000000 0.000000 0.000000 1.000000
0.995321 0.059357 -0.076248 6.117278 -0.056518 0.997645 0.038859 96.097900 0.078375 -0.034367 0.996331 -2.216393 0.000000 0.000000 0.000000 1.000000
0.995368 0.058539 -0.076263 6.116148 -0.055729 0.997704 0.038473 96.065567 0.078340 -0.034045 0.996345 -2.212578 0.000000 0.000000 0.000000 1.000000
0.995452 0.057412 -0.076018 6.067618 -0.054664 0.997791 0.037747 96.062408 0.078017 -0.033420 0.996392 -2.204837 0.000000 0.000000 0.000000 1.000000
0.995571 0.056028 -0.075493 5.973682 -0.053365 0.997895 0.036834 96.092216 0.077398 -0.032642 0.996466 -2.194657 0.000000 0.000000 0.000000 1.000000
0.995728 0.054390 -0.074613 5.837227 -0.051827 0.998012 0.035871 96.153755 0.076416 -0.031851 0.996567 -2.182087 0.000000 0.000000 0.000000 1.000000
0.995927 0.052465 -0.073324 5.660835 -0.050010 0.998138 0.034932 96.242233 0.075020 -0.031123 0.996696 -2.166352 0.000000 0.000000 0.000000 1.000000
0.996166 0.050226 -0.071633 5.446759 -0.047885 0.998273 0.034023 96.351212 0.073218 -0.030462 0.996851 -2.146480 0.000000 0.000000 0.000000 1.000000
0.996434 0.047713 -0.069596 5.197615 -0.045496 0.998416 0.033101 96.473610 0.071065 -0.029817 0.997026 -2.121864 0.000000 0.000000 0.000000 1.000000
0.996714 0.045058 -0.067315 4.916692 -0.042973 0.998560 0.032110 96.601349 0.068664 -0.029112 0.997215 -2.092664 0.000000 0.000000 0.000000 1.000000
0.996986 0.042437 -0.064951 4.607742 -0.040490 0.998699 0.031003 96.725388 0.066182 -0.028279 0.997407 -2.059641 0.000000 0.000000 0.000000 1.000000
0.997229 0.039995 -0.062729 4.274262 -0.038186 0.998827 0.029778 96.837524 0.063846 -0.027300 0.997586 -2.023474 0.000000 0.000000 0.000000 1.000000
0.997430 0.037779 -0.060876 3.919227 -0.036097 0.998942 0.028490 96.932030 0.061888 -0.026219 0.997739 -1.983863 0.000000 0.000000 0.000000 1.000000
0.997585 0.035749 -0.059549 3.544827 -0.034177 0.999045 0.027225 97.007500 0.060466 -0.025124 0.997854 -1.939407 0.000000 0.000000 0.000000 1.000000
0.997698 0.033835 -0.058775 3.153187 -0.032350 0.999137 0.026047 97.067345 0.059606 -0.024085 0.997931 -1.888542 0.000000 0.000000 0.000000 1.000000
0.997779 0.031970 -0.058433 2.746404 -0.030554 0.999221 0.024971 97.120636 0.059186 -0.023130 0.997979 -1.830792 0.000000 0.000000 0.000000 1.000000
0.997846 0.030094 -0.058282 2.326716 -0.028736 0.999299 0.024001 97.178780 0.058963 -0.022275 0.998012 -1.767209 0.000000 0.000000 0.000000 1.000000
0.997918 0.028129 -0.058037 1.896193 -0.026823 0.999372 0.023167 97.249878 0.058653 -0.021562 0.998046 -1.700009 0.000000 0.000000 0.000000 1.000000
0.998008 0.025992 -0.057479 1.456864 -0.024732 0.999440 0.022526 97.333984 0.058033 -0.021059 0.998093 -1.631831 0.000000 0.000000 0.000000 1.000000
0.998121 0.023649 -0.056529 1.011044 -0.022428 0.999503 0.022134 97.421516 0.057024 -0.020825 0.998156 -1.564985 0.000000 0.000000 0.000000 1.000000
0.998248 0.021149 -0.055259 0.561465 -0.019958 0.999558 0.022018 97.497795 0.055701 -0.020877 0.998229 -1.500620 0.000000 0.000000 0.000000 1.000000
0.998376 0.018600 -0.053843 0.111358 -0.017428 0.999603 0.022148 97.551163 0.054233 -0.021174 0.998304 -1.438411 0.000000 0.000000 0.000000 1.000000
0.998494 0.016095 -0.052452 -0.336088 -0.014935 0.999637 0.022420 97.578819 0.052794 -0.021603 0.998372 -1.376930 0.000000 0.000000 0.000000 1.000000
0.998596 0.013649 -0.051181 -0.778124 -0.012502 0.999665 0.022673 97.586281 0.051473 -0.022001 0.998432 -1.314417 0.000000 0.000000 0.000000 1.000000
0.998686 0.011200 -0.050013 -1.212728 -0.010072 0.999690 0.022759 97.583984 0.050253 -0.022226 0.998489 -1.249228 0.000000 0.000000 0.000000 1.000000
0.998768 0.008683 -0.048856 -1.638014 -0.007585 0.999715 0.022625 97.583099 0.049039 -0.022226 0.998550 -1.180148 0.000000 0.000000 0.000000 1.000000
0.998848 0.006090 -0.047594 -2.051522 -0.005032 0.999738 0.022319 97.590866 0.047718 -0.022054 0.998617 -1.106978 0.000000 0.000000 0.000000 1.000000
0.998929 0.003467 -0.046134 -2.449735 -0.002457 0.999756 0.021936 97.607811 0.046199 -0.021799 0.998694 -1.031237 0.000000 0.000000 0.000000 1.000000
0.999012 0.000856 -0.044430 -2.829270 0.000101 0.999768 0.021538 97.629242 0.044438 -0.021522 0.998780 -0.956370 0.000000 0.000000 0.000000 1.000000
0.999095 -0.001759 -0.042487 -3.189453 0.002658 0.999773 0.021120 97.650841 0.042440 -0.021213 0.998874 -0.886922 0.000000 0.000000 0.000000 1.000000
0.999176 -0.004433 -0.040352 -3.533600 0.005269 0.999773 0.020629 97.673096 0.040251 -0.020825 0.998973 -0.827218 0.000000 0.000000 0.000000 1.000000
0.999248 -0.007196 -0.038111 -3.866943 0.007964 0.999768 0.020035 97.701653 0.037958 -0.020323 0.999073 -0.779915 0.000000 0.000000 0.000000 1.000000
0.999306 -0.009962 -0.035885 -4.192718 0.010663 0.999755 0.019385 97.743301 0.035684 -0.019754 0.999168 -0.745304 0.000000 0.000000 0.000000 1.000000
0.999349 -0.012525 -0.033824 -4.510627 0.013167 0.999736 0.018822 97.799957 0.033579 -0.019255 0.999251 -0.721606 0.000000 0.000000 0.000000 1.000000
0.999378 -0.014652 -0.032068 -4.818550 0.015250 0.999713 0.018498 97.864815 0.031787 -0.018975 0.999315 -0.705915 0.000000 0.000000 0.000000 1.000000
0.999397 -0.016231 -0.030696 -5.115229 0.016803 0.999688 0.018467 97.924789 0.030386 -0.018971 0.999358 -0.695395 0.000000 0.000000 0.000000 1.000000
0.999408 -0.017361 -0.029694 -5.401360 0.017920 0.999666 0.018647 97.967720 0.029361 -0.019168 0.999385 -0.688135 0.000000 0.000000 0.000000 1.000000
0.999413 -0.018288 -0.028971 -5.678765 0.018840 0.999644 0.018914 97.989281 0.028615 -0.019449 0.999401 -0.683346 0.000000 0.000000 0.000000 1.000000
0.999411 -0.019267 -0.028406 -5.949132 0.019817 0.999619 0.019208 97.994034 0.028025 -0.019760 0.999412 -0.681351 0.000000 0.000000 0.000000 1.000000
0.999402 -0.020422 -0.027889 -6.213272 0.020972 0.999589 0.019553 97.988983 0.027478 -0.020126 0.999420 -0.683672 0.000000 0.000000 0.000000 1.000000
0.999391 -0.021694 -0.027334 -6.470841 0.022244 0.999553 0.019994 97.980522 0.026888 -0.020590 0.999426 -0.693004 0.000000 0.000000 0.000000 1.000000
0.999382 -0.022888 -0.026662 -6.720767 0.023439 0.999514 0.020530 97.971161 0.026180 -0.021143 0.999434 -0.712753 0.000000 0.000000 0.000000 1.000000
0.999384 -0.023782 -0.025800 -6.961664 0.024329 0.999481 0.021102 97.958641 0.025284 -0.021717 0.999444 -0.745820 0.000000 0.000000 0.000000 1.000000
0.999402 -0.024228 -0.024687 -7.192687 0.024763 0.999459 0.021628 97.937172 0.024149 -0.022226 0.999461 -0.793200 0.000000 0.000000 0.000000 1.000000
0.999436 -0.024211 -0.023287 -7.413687 0.024725 0.999451 0.022061 97.900848 0.022740 -0.022625 0.999485 -0.853309 0.000000 0.000000 0.000000 1.000000
0.999483 -0.023846 -0.021582 -7.625385 0.024330 0.999452 0.022431 97.847038 0.021035 -0.022945 0.999515 -0.922695 0.000000 0.000000 0.000000 1.000000
0.999537 -0.023319 -0.019557 -7.828960 0.023764 0.999457 0.022827 97.778290 0.019014 -0.023282 0.999548 -0.997577 0.000000 0.000000 0.000000 1.000000
0.999592 -0.022806 -0.017217 -8.025540 0.023205 0.999458 0.023345 97.701393 0.016675 -0.023735 0.999579 -1.074987 0.000000 0.000000 0.000000 1.000000
0.999643 -0.022395 -0.014593 -8.215724 0.022742 0.999453 0.024022 97.624054 0.014047 -0.024345 0.999605 -1.153060 0.000000 0.000000 0.000000 1.000000
0.999688 -0.022053 -0.011743 -8.399387 0.022339 0.999443 0.024809 97.551666 0.011189 -0.025064 0.999623 -1.230620 0.000000 0.000000 0.000000 1.000000
0.999728 -0.021657 -0.008688 -8.575813 0.021873 0.999433 0.025603 97.488556 0.008128 -0.025786 0.999634 -1.306545 0.000000 0.000000 0.000000 1.000000
0.999763 -0.021078 -0.005356 -8.744219 0.021212 0.999429 0.026317 97.439339 0.004798 -0.026425 0.999639 -1.379186 0.000000 0.000000 0.000000 1.000000
0.999793 -0.020267 -0.001592 -8.904469 0.020302 0.999431 0.026942 97.405792 0.001045 -0.026969 0.999636 -1.446461 0.000000 0.000000 0.000000 1.000000
0.999810 -0.019269 0.002769 -9.056862 0.019186 0.999436 0.027544 97.381889 -0.003298 -0.027486 0.999617 -1.506284 0.000000 0.000000 0.000000 1.000000
0.999804 -0.018200 0.007801 -9.202115 0.017973 0.999440 0.028220 97.353188 -0.008310 -0.028074 0.999571 -1.557239 0.000000 0.000000 0.000000 1.000000
0.999762 -0.017198 0.013417 -9.340924 0.016802 0.999437 0.029054 97.304092 -0.013910 -0.028822 0.999488 -1.599080 0.000000 0.000000 0.000000 1.000000
0.999678 -0.016380 0.019371 -9.473883 0.015793 0.999423 0.030084 97.227303 -0.019853 -0.029769 0.999360 -1.632834 0.000000 0.000000 0.000000 1.000000
0.999554 -0.015826 0.025329 -9.601410 0.015031 0.999398 0.031277 97.129227 -0.025809 -0.030882 0.999190 -1.660625 0.000000 0.000000 0.000000 1.000000
0.999398 -0.015555 0.031008 -9.723604 0.014546 0.999365 0.032521 97.025734 -0.031495 -0.032051 0.998990 -1.685273 0.000000 0.000000 0.000000 1.000000
0.999221 -0.015537 0.036280 -9.840310 0.014316 0.999331 0.033659 96.931694 -0.036779 -0.033113 0.998775 -1.709976 0.000000 0.000000 0.000000 1.000000
0.999029 -0.015706 0.041173 -9.951201 0.014287 0.999301 0.034547 96.855110 -0.041687 -0.033925 0.998555 -1.737743 0.000000 0.000000 0.000000 1.000000
0.998823 -0.016003 0.045782 -10.056028 0.014400 0.999279 0.035123 96.794861 -0.046311 -0.034422 0.998334 -1.770470 0.000000 0.000000 0.000000 1.000000
0.998606 -0.016399 0.050166 -10.154526 0.014630 0.999265 0.035424 96.744888 -0.050710 -0.034640 0.998112 -1.808139 0.000000 0.000000 0.000000 1.000000
0.998381 -0.016901 0.054303 -10.246847 0.014982 0.999256 0.035544 96.700150 -0.054864 -0.034673 0.997892 -1.848949 0.000000 0.000000 0.000000 1.000000
0.998157 -0.017501 0.058114 -10.332965 0.015448 0.999247 0.035579 96.658936 -0.058693 -0.034616 0.997676 -1.890116 0.000000 0.000000 0.000000 1.000000
0.997942 -0.018111 0.061518 -10.412396 0.015942 0.999240 0.035575 96.621826 -0.062116 -0.034521 0.997472 -1.928841 0.000000 0.000000 0.000000 1.000000
0.997745 -0.018567 0.064499 -10.484092 0.016299 0.999236 0.035516 96.589973 -0.065109 -0.034385 0.997286 -1.963153 0.000000 0.000000 0.000000 1.000000
0.997568 -0.018706 0.067148 -10.546938 0.016358 0.999241 0.035350 96.564674 -0.067759 -0.034166 0.997117 -1.991857 0.000000 0.000000 0.000000 1.000000
0.997401 -0.018475 0.069640 -10.600669 0.016063 0.999257 0.035037 96.547974 -0.070236 -0.033828 0.996957 -2.013650 0.000000 0.000000 0.000000 1.000000
0.997232 -0.017975 0.072141 -10.646476 0.015510 0.999282 0.034576 96.542465 -0.072711 -0.033362 0.996795 -2.026319 0.000000 0.000000 0.000000 1.000000
0.997053 -0.017395 0.074718 -10.685889 0.014887 0.999311 0.034001 96.550873 -0.075258 -0.032788 0.996625 -2.026998 0.000000 0.000000 0.000000 1.000000
