<?xml version="1.0" encoding="utf-8"?>
<COLLADA xmlns="http://www.collada.org/2005/11/COLLADASchema" version="1.4.1">
  <asset><contributor><author>Mixamo</author><authoring_tool>COLLADA Mixamo exporter</authoring_tool><comments></comments></contributor><created>2016-06-10T14:50:16Z</created><modified>2016-06-10T14:50:16Z</modified><revision></revision><title></title><unit meter="0.010000"/><up_axis>Y_UP</up_axis></asset>
  <library_animations>
    <animation id="mixamorig_Hips-anim" name="mixamorig_Hips"><source id="mixamorig_Hips-Matrix-animation-input"><float_array id="mixamorig_Hips-Matrix-animation-input-array" count="22">

0.000000 0.033333 0.066667 0.100000 0.133333 0.166667 0.200000 0.233333 0.266667 0.300000 0.333333 0.366667 0.400000 0.433333 0.466667 0.500000
0.533333 0.566667 0.600000 0.633333 0.666667 0.700000</float_array><technique_common><accessor source="#mixamorig_Hips-Matrix-animation-input-array" count="22"><param name="TIME" type="float"/></accessor></technique_common></source><source id="mixamorig_Hips-Matrix-animation-output-transform"><float_array id="mixamorig_Hips-Matrix-animation-output-transform-array" count="352">

0.995669 0.090938 -0.019315 0.309112 -0.092960 0.976264 -0.195619 87.254112 0.001067 0.196567 0.980490 -0.584365 0.000000 0.000000 0.000000 1.000000
0.999339 0.021922 -0.029013 0.412796 -0.026415 0.985958 -0.164888 87.978310 0.024991 0.165546 0.985885 -0.341244 0.000000 0.000000 0.000000 1.000000
0.997251 -0.068592 -0.028031 0.211061 0.062662 0.982569 -0.175021 90.207916 0.039548 0.172783 0.984166 0.120976 0.000000 0.000000 0.000000 1.000000
0.984114 -0.177504 -0.003314 -0.084141 0.173981 0.967959 -0.181069 92.082626 0.035348 0.177616 0.983465 0.345005 0.000000 0.000000 0.000000 1.000000
0.979806 -0.197379 0.031963 -0.197305 0.199863 0.962053 -0.185766 93.966194 0.005916 0.188403 0.982074 0.258362 0.000000 0.000000 0.000000 1.000000
0.988878 -0.143237 0.040044 -0.198276 0.148286 0.970290 -0.191177 94.648346 -0.011471 0.194988 0.980738 -0.032037 0.000000 0.000000 0.000000 1.000000
0.994680 -0.097416 0.033501 -0.177002 0.101441 0.982875 -0.153837 94.419258 -0.017941 0.156417 0.987528 -0.789377 0.000000 0.000000 0.000000 1.000000
0.996747 -0.041354 0.069179 -0.078525 0.050330 0.989770 -0.133497 93.106926 -0.062950 0.136545 0.988632 -1.170805 0.000000 0.000000 0.000000 1.000000
0.995384 -0.025604 0.092489 -0.138329 0.038516 0.989312 -0.140635 90.633423 -0.087900 0.143549 0.985732 -1.183422 0.000000 0.000000 0.000000 1.000000
0.995555 -0.034495 0.087639 -0.387642 0.049332 0.983643 -0.173239 88.734154 -0.080229 0.176793 0.980973 -0.850920 0.000000 0.000000 0.000000 1.000000
0.996568 -0.040842 0.072003 -1.135488 0.053471 0.981604 -0.183287 86.908997 -0.063192 0.186508 0.980419 -0.472240 0.000000 0.000000 0.000000 1.000000
0.997239 0.012974 0.073110 -1.845241 0.000547 0.983306 -0.181959 87.016014 -0.074250 0.181497 0.980584 -0.144008 0.000000 0.000000 0.000000 1.000000
0.993877 0.072481 0.083402 -1.729047 -0.055837 0.980780 -0.186956 88.908295 -0.095350 0.181154 0.978822 0.146252 0.000000 0.000000 0.000000 1.000000
0.993798 0.104145 0.038968 -1.400583 -0.095235 0.978072 -0.185217 91.638084 -0.057403 0.180357 0.981925 0.312051 0.000000 0.000000 0.000000 1.000000
0.992345 0.123249 0.007764 -0.846909 -0.119847 0.976303 -0.180193 93.505836 -0.029788 0.177883 0.983601 0.136778 0.000000 0.000000 0.000000 1.000000
0.997936 0.061008 0.020039 -0.888332 -0.056842 0.984429 -0.166339 94.683487 -0.029874 0.164856 0.985865 -0.254969 0.000000 0.000000 0.000000 1.000000
0.998482 -0.050753 0.021410 -1.259141 0.053264 0.988657 -0.140428 94.994133 -0.014040 0.141355 0.989859 -0.658776 0.000000 0.000000 0.000000 1.000000
0.998601 -0.052554 0.005883 -1.273788 0.052881 0.991524 -0.118673 94.345970 0.000403 0.118818 0.992916 -1.255340 0.000000 0.000000 0.000000 1.000000
0.999475 -0.015617 -0.028405 -0.966439 0.012266 0.993344 -0.114534 92.787025 0.030004 0.114125 0.993013 -1.509168 0.000000 0.000000 0.000000 1.000000
0.998173 0.049326 -0.034895 -0.282301 -0.053376 0.990503 -0.126710 90.423836 0.028314 0.128341 0.991326 -1.388829 0.000000 0.000000 0.000000 1.000000
0.995625 0.091540 -0.018728 0.037061 -0.093393 0.981045 -0.169790 88.350418 0.002830 0.170796 0.985302 -1.037881 0.000000 0.000000 0.000000 1.000000
0.995669 0.090938 -0.019315 0.309112 -0.092960 0.976264 -0.195619 87.254112 0.001067 0.196567 0.980490 -0.584365 0.000000 0.000000 0.000000 1.000000</float_array><technique_common><accessor source="#mixamorig_Hips-Matrix-animation-output-transform-array" count="22" stride="16"><param type="float4x4"/></accessor></technique_common></source><source id="mixamorig_Hips-Interpolations"><Name_array id="mixamorig_Hips-Interpolations-array" count="22">
 LINEAR LINEAR LINEAR LINEAR LINEAR LINEAR LINEAR LINEAR LINEAR LINEAR LINEAR
LINEAR LINEAR LINEAR LINEAR LINEAR LINEAR LINEAR LINEAR LINEAR LINEAR LINEAR</Name_array><technique_common><accessor source="#mixamorig_Hips-Interpolations-array" count="22"><param type="name"/></accessor></technique_common></source><sampler id="mixamorig_Hips-Matrix-animation-transform"><input semantic="INPUT" source="#mixamorig_Hips-Matrix-animation-input"/><input semantic="OUTPUT" source="#mixamorig_Hips-Matrix-animation-output-transform"/><input semantic="INTERPOLATION" source="#mixamorig_Hips-Interpolations"/></sampler><channel source="#mixamorig_Hips-Matrix-animation-transform" target="mixamorig_Hips/matrix"/></animation>
    <animation id="mixamorig_Spine-anim" name="mixamorig_Spine"><source id="mixamorig_Spine-Matrix-animation-input"><float_array id="mixamorig_Spine-Matrix-animation-input-array" count="22">

0.000000 0.033333 0.066667 0.100000 0.133333 0.166667 0.200000 0.233333 0.266667 0.300000 0.333333 0.366667 0.400000 0.433333 0.466667 0.500000
0.533333 0.566667 0.600000 0.633333 0.666667 0.700000</float_array><technique_common><accessor source="#mixamorig_Spine-Matrix-animation-input-array" count="22"><param name="TIME" type="float"/></accessor></technique_common></source><source id="mixamorig_Spine-Matrix-animation-output-transform"><float_array id="mixamorig_Spine-Matrix-animation-output-transform-array" count="352">

0.991439 -0.129738 0.014708 0.001300 0.130492 0.988403 -0.077664 9.187200 -0.004462 0.078918 0.996871 -1.322800 0.000000 0.000000 0.000000 1.000000
0.992739 -0.051575 0.108668 0.001300 0.061149 0.994356 -0.086702 9.187200 -0.103583 0.092717 0.990290 -1.322800 0.000000 0.000000 0.000000 1.000000
0.984058 0.053736 0.169534 0.001300 -0.041744 0.996419 -0.073525 9.187200 -0.172878 0.065276 0.982778 -1.322800 0.000000 0.000000 0.000000 1.000000
0.959212 0.187520 0.211539 0.001300 -0.174322 0.981468 -0.079577 9.187200 -0.222541 0.039456 0.974125 -1.322800 0.000000 0.000000 0.000000 1.000000
0.942134 0.213214 0.258696 0.001300 -0.203351 0.976970 -0.064634 9.187200 -0.266519 0.008288 0.963794 -1.322800 0.000000 0.000000 0.000000 1.000000
0.943681 0.158827 0.290241 0.001300 -0.155888 0.987211 -0.033378 9.187200 -0.291831 -0.013747 0.956371 -1.322800 0.000000 0.000000 0.000000 1.000000
0.957586 0.110159 0.266261 0.001300 -0.105456 0.993911 -0.031943 9.187200 -0.268159 0.002509 0.963372 -1.322800 0.000000 0.000000 0.000000 1.000000
0.984007 0.042898 0.172888 0.001300 -0.039772 0.998977 -0.021507 9.187200 -0.173633 0.014287 0.984707 -1.322800 0.000000 0.000000 0.000000 1.000000
0.996415 0.024922 0.080850 0.001300 -0.023616 0.999575 -0.017069 9.187200 -0.081241 0.015099 0.996580 -1.322800 0.000000 0.000000 0.000000 1.000000
0.999248 0.038537 0.004324 0.001300 -0.038390 0.998809 -0.030112 9.187200 -0.005480 0.029924 0.999537 -1.322800 0.000000 0.000000 0.000000 1.000000
0.995944 0.063542 -0.063705 0.001300 -0.066773 0.996518 -0.049931 9.187200 0.060311 0.053982 0.996719 -1.322800 0.000000 0.000000 0.000000 1.000000
0.990729 0.013892 -0.135139 0.001300 -0.022715 0.997693 -0.063967 9.187200 0.133939 0.066444 0.988760 -1.322800 0.000000 0.000000 0.000000 1.000000
0.975825 -0.047028 -0.213433 0.001300 0.031051 0.996501 -0.077604 9.187200 0.216336 0.069101 0.973871 -1.322800 0.000000 0.000000 0.000000 1.000000
0.960498 -0.082342 -0.265827 0.001300 0.063945 0.994967 -0.077150 9.187200 0.270842 0.057104 0.960929 -1.322800 0.000000 0.000000 0.000000 1.000000
0.933782 -0.120737 -0.336858 0.001300 0.098927 0.991773 -0.081244 9.187200 0.343896 0.042540 0.938044 -1.322800 0.000000 0.000000 0.000000 1.000000
0.913752 -0.048062 -0.403421 0.001300 0.029885 0.998239 -0.051237 9.187200 0.405173 0.034761 0.913579 -1.322800 0.000000 0.000000 0.000000 1.000000
0.904602 0.088878 -0.416889 0.001300 -0.095987 0.995375 0.003927 9.187200 0.415310 0.036464 0.908949 -1.322800 0.000000 0.000000 0.000000 1.000000
0.920050 0.084637 -0.382549 0.001300 -0.100728 0.994667 -0.022191 9.187200 0.378631 0.058950 0.923669 -1.322800 0.000000 0.000000 0.000000 1.000000
0.949630 0.035857 -0.311314 0.001300 -0.056946 0.996637 -0.058915 9.187200 0.308155 0.073676 0.948479 -1.322800 0.000000 0.000000 0.000000 1.000000
0.976189 -0.064292 -0.207173 0.001300 0.047114 0.995110 -0.086815 9.187200 0.211742 0.074987 0.974445 -1.322800 0.000000 0.000000 0.000000 1.000000
0.986014 -0.129736 -0.104615 0.001300 0.121073 0.988970 -0.085316 9.187200 0.114529 0.071457 0.990847 -1.322800 0.000000 0.000000 0.000000 1.000000
0.991439 -0.129738 0.014708 0.001300 0.130492 0.988403 -0.077664 9.187200 -0.004462 0.078918 0.996871 -1.322800 0.000000 0.000000 0.000000 1.000000</float_array><technique_common><accessor source="#mixamorig_Spine-Matrix-animation-output-transform-array" count="22" stride="16"><param type="float4x4"/></accessor></technique_common></source><source id="mixamorig_Spine-Interpolations"><Name_array id="mixamorig_Spine-Interpolations-array" count="22">
 LINEAR LINEAR LINEAR LINEAR LINEAR LINEAR LINEAR LINEAR LINEAR LINEAR LINEAR
LINEAR LINEAR LINEAR LINEAR LINEAR LINEAR LINEAR LINEAR LINEAR LINEAR LINEAR</Name_array><technique_common><accessor source="#mixamorig_Spine-Interpolations-array" count="22"><param type="name"/></accessor></technique_common></source><sampler id="mixamorig_Spine-Matrix-animation-transform"><input semantic="INPUT" source="#mixamorig_Spine-Matrix-animation-input"/><input semantic="OUTPUT" source="#mixamorig_Spine-Matrix-animation-output-transform"/><input semantic="INTERPOLATION" source="#mixamorig_Spine-Interpolations"/></sampler><channel source="#mixamorig_Spine-Matrix-animation-transform" target="mixamorig_Spine/matrix"/></animation>
    <animation id="mixamorig_Spine1-anim" name="mixamorig_Spine1"><source id="mixamorig_Spine1-Matrix-animation-input"><float_array id="mixamorig_Spine1-Matrix-animation-input-array" count="22">

0.000000 0.033333 0.066667 0.100000 0.133333 0.166667 0.200000 0.233333 0.266667 0.300000 0.333333 0.366667 0.400000 0.433333 0.466667 0.500000
0.533333 0.566667 0.600000 0.633333 0.666667 0.700000</float_array><technique_common><accessor source="#mixamorig_Spine1-Matrix-animation-input-array" count="22"><param name="TIME" type="float"/></accessor></technique_common></source><source id="mixamorig_Spine1-Matrix-animation-output-transform"><float_array id="mixamorig_Spine1-Matrix-animation-output-transform-array" count="352">

0.999960 -0.008807 -0.001660 0.000000 0.008739 0.999273 -0.037112 11.431300 0.001986 0.037096 0.999310 0.000000 0.000000 0.000000 0.000000 1.000000
0.998893 -0.007761 0.046393 0.000000 0.009817 0.998971 -0.044268 11.431300 -0.046001 0.044675 0.997942 -0.000000 0.000000 0.000000 0.000000 1.000000
0.997284 -0.004851 0.073488 -0.000000 0.007283 0.999434 -0.032857 11.431300 -0.073287 0.033303 0.996755 0.000000 0.000000 0.000000 0.000000 1.000000
0.996321 0.000322 0.085704 0.000000 0.001622 0.999743 -0.022609 11.431300 -0.085689 0.022665 0.996064 -0.000000 0.000000 0.000000 0.000000 1.000000
0.995111 0.004026 0.098678 -0.000000 -0.003069 0.999947 -0.009851 11.431300 -0.098712 0.009500 0.995071 0.000000 0.000000 0.000000 0.000000 1.000000
0.994503 -0.002540 0.104674 -0.000000 0.002386 0.999996 0.001599 11.431300 -0.104678 -0.001340 0.994505 0.000000 0.000000 0.000000 0.000000 1.000000
0.995413 -0.003096 0.095619 0.000000 0.003465 0.999987 -0.003689 11.431300 -0.095606 0.004004 0.995411 0.000000 0.000000 0.000000 0.000000 1.000000
0.997215 0.004144 0.074470 0.000000 -0.003637 0.999969 -0.006949 11.431300 -0.074497 0.006659 0.997199 0.000000 0.000000 0.000000 0.000000 1.000000
0.998581 0.013656 0.051464 0.000000 -0.013363 0.999893 -0.006031 11.431300 -0.051541 0.005335 0.998657 0.000000 0.000000 0.000000 0.000000 1.000000
0.999558 0.022505 0.019433 0.000000 -0.022358 0.999720 -0.007749 11.431300 -0.019602 0.007311 0.999781 0.000000 0.000000 0.000000 0.000000 1.000000
0.999547 0.025566 -0.015892 -0.000000 -0.025744 0.999607 -0.011057 11.431300 0.015603 0.011461 0.999813 0.000000 0.000000 0.000000 0.000000 1.000000
0.998370 0.020547 -0.053248 -0.000000 -0.021392 0.999653 -0.015357 11.431300 0.052914 0.016471 0.998463 0.000000 0.000000 0.000000 0.000000 1.000000
0.995127 0.014181 -0.097580 0.000000 -0.016029 0.999706 -0.018182 11.431300 0.097293 0.019657 0.995062 0.000000 0.000000 0.000000 0.000000 1.000000
0.991929 0.008572 -0.126504 0.000000 -0.010396 0.999851 -0.013760 11.431300 0.126367 0.014964 0.991871 -0.000000 0.000000 0.000000 0.000000 1.000000
0.989353 0.009124 -0.145248 -0.000000 -0.010536 0.999904 -0.008957 11.431300 0.145152 0.010392 0.989355 0.000000 0.000000 0.000000 0.000000 1.000000
0.988341 0.012437 -0.151746 0.000000 -0.013798 0.999873 -0.007921 11.431300 0.151628 0.009922 0.988388 -0.000000 0.000000 0.000000 0.000000 1.000000
0.987484 0.019337 -0.156529 0.000000 -0.020821 0.999752 -0.007852 11.431300 0.156338 0.011012 0.987642 0.000000 0.000000 0.000000 0.000000 1.000000
0.988256 0.027055 -0.150394 -0.000000 -0.029886 0.999415 -0.016599 11.431300 0.149857 0.020898 0.988487 0.000000 0.000000 0.000000 0.000000 1.000000
0.991431 0.015516 -0.129706 0.000000 -0.019354 0.999410 -0.028385 11.431300 0.129189 0.030652 0.991146 -0.000000 0.000000 0.000000 0.000000 1.000000
0.995156 0.003651 -0.098241 0.000000 -0.006814 0.999468 -0.031882 11.431300 0.098073 0.032397 0.994652 0.000000 0.000000 0.000000 0.000000 1.000000
0.998329 -0.001228 -0.057769 0.000000 -0.000658 0.999467 -0.032629 11.431300 0.057779 0.032613 0.997797 -0.000000 0.000000 0.000000 0.000000 1.000000
0.999960 -0.008807 -0.001660 0.000000 0.008739 0.999273 -0.037112 11.431300 0.001986 0.037096 0.999310 0.000000 0.000000 0.000000 0.000000 1.000000</float_array><technique_common><accessor source="#mixamorig_Spine1-Matrix-animation-output-transform-array" count="22" stride="16"><param type="float4x4"/></accessor></technique_common></source><source id="mixamorig_Spine1-Interpolations"><Name_array id="mixamorig_Spine1-Interpolations-array" count="22">
 LINEAR LINEAR LINEAR LINEAR LINEAR LINEAR LINEAR LINEAR LINEAR LINEAR LINEAR
LINEAR LINEAR LINEAR LINEAR LINEAR LINEAR LINEAR LINEAR LINEAR LINEAR LINEAR</Name_array><technique_common><accessor source="#mixamorig_Spine1-Interpolations-array" count="22"><param type="name"/></accessor></technique_common></source><sampler id="mixamorig_Spine1-Matrix-animation-transform"><input semantic="INPUT" source="#mixamorig_Spine1-Matrix-animation-input"/><input semantic="OUTPUT" source="#mixamorig_Spine1-Matrix-animation-output-transform"/><input semantic="INTERPOLATION" source="#mixamorig_Spine1-Interpolations"/></sampler><channel source="#mixamorig_Spine1-Matrix-animation-transform" target="mixamorig_Spine1/matrix"/></animation>
    <animation id="mixamorig_Spine2-anim" name="mixamorig_Spine2"><source id="mixamorig_Spine2-Matrix-animation-input"><float_array id="mixamorig_Spine2-Matrix-animation-input-array" count="22">

0.000000 0.033333 0.066667 0.100000 0.133333 0.166667 0.200000 0.233333 0.266667 0.300000 0.333333 0.366667 0.400000 0.433333 0.466667 0.500000
0.533333 0.566667 0.600000 0.633333 0.666667 0.700000</float_array><technique_common><accessor source="#mixamorig_Spine2-Matrix-animation-input-array" count="22"><param name="TIME" type="float"/></accessor></technique_common></source><source id="mixamorig_Spine2-Matrix-animation-output-transform"><float_array id="mixamorig_Spine2-Matrix-animation-output-transform-array" count="352">

0.999994 -0.003154 -0.001213 0.000000 0.003037 0.996209 -0.086934 14.623000 0.001483 0.086930 0.996213 0.000000 0.000000 0.000000 0.000000 1.000000
0.998872 -0.001757 0.047450 -0.000000 0.006209 0.995567 -0.093852 14.623000 -0.047075 0.094041 0.994455 0.000000 0.000000 0.000000 0.000000 1.000000
0.997186 0.001314 0.074954 0.000000 0.004799 0.996677 -0.081317 14.623000 -0.074811 0.081448 0.993866 0.000000 0.000000 0.000000 0.000000 1.000000
0.996158 0.006879 0.087298 0.000000 -0.000795 0.997579 -0.069535 14.623000 -0.087565 0.069198 0.993752 0.000000 0.000000 0.000000 0.000000 1.000000
0.994933 0.011239 0.099910 -0.000000 -0.005666 0.998421 -0.055895 14.623000 -0.100381 0.055045 0.993425 0.000000 0.000000 0.000000 0.000000 1.000000
0.994388 0.004825 0.105686 0.000000 -0.000095 0.999000 -0.044711 14.623000 -0.105796 0.044450 0.993394 0.000000 0.000000 0.000000 0.000000 1.000000
0.995305 0.004538 0.096684 0.000000 0.000419 0.998689 -0.051189 14.623000 -0.096790 0.050989 0.993998 0.000000 0.000000 0.000000 0.000000 1.000000
0.997089 0.011701 0.075349 0.000000 -0.007498 0.998412 -0.055825 14.623000 -0.075883 0.055097 0.995593 -0.000000 0.000000 0.000000 0.000000 1.000000
0.998431 0.020699 0.052032 0.000000 -0.017807 0.998302 -0.055454 14.623000 -0.053091 0.054440 0.997105 0.000000 0.000000 0.000000 0.000000 1.000000
0.999396 0.028631 0.019711 0.000000 -0.027461 0.997980 -0.057284 14.623000 -0.021312 0.056708 0.998163 0.000000 0.000000 0.000000 0.000000 1.000000
0.999401 0.030544 -0.016249 0.000000 -0.031477 0.997661 -0.060677 14.623000 0.014357 0.061152 0.998025 0.000000 0.000000 0.000000 0.000000 1.000000
0.998279 0.023853 -0.053581 0.000000 -0.027313 0.997525 -0.064793 14.623000 0.051903 0.066145 0.996459 0.000000 0.000000 0.000000 0.000000 1.000000
0.995094 0.016636 -0.097521 0.000000 -0.023242 0.997482 -0.067002 14.623000 0.096161 0.068940 0.992975 0.000000 0.000000 0.000000 0.000000 1.000000
0.991918 0.010490 -0.126450 -0.000000 -0.018385 0.997942 -0.061426 14.623000 0.125545 0.063254 0.990069 -0.000000 0.000000 0.000000 0.000000 1.000000
0.989320 0.011392 -0.145317 0.000000 -0.019528 0.998313 -0.054684 14.623000 0.144449 0.056938 0.987873 0.000000 0.000000 0.000000 0.000000 1.000000
0.988361 0.015169 -0.151371 0.000000 -0.023547 0.998279 -0.053705 14.623000 0.150296 0.056644 0.987017 -0.000000 0.000000 0.000000 0.000000 1.000000
0.987503 0.022703 -0.155957 0.000000 -0.031557 0.998013 -0.054537 14.623000 0.154409 0.058777 0.986257 -0.000000 0.000000 0.000000 0.000000 1.000000
0.988178 0.031170 -0.150110 0.000000 -0.040999 0.997181 -0.062837 14.623000 0.147728 0.068248 0.986670 0.000000 0.000000 0.000000 0.000000 1.000000
0.991368 0.020083 -0.129565 0.000000 -0.029992 0.996733 -0.074993 14.623000 0.127635 0.078232 0.988731 0.000000 0.000000 0.000000 0.000000 1.000000
0.995137 0.008535 -0.098128 0.000000 -0.016369 0.996716 -0.079305 14.623000 0.097129 0.080525 0.992009 0.000000 0.000000 0.000000 0.000000 1.000000
0.998329 0.004274 -0.057628 0.000000 -0.008958 0.996652 -0.081270 14.623000 0.057087 0.081650 0.995025 -0.000000 0.000000 0.000000 0.000000 1.000000
0.999994 -0.003154 -0.001213 0.000000 0.003037 0.996209 -0.086934 14.623000 0.001483 0.086930 0.996213 0.000000 0.000000 0.000000 0.000000 1.000000</float_array><technique_common><accessor source="#mixamorig_Spine2-Matrix-animation-output-transform-array" count="22" stride="16"><param type="float4x4"/></accessor></technique_common></source><source id="mixamorig_Spine2-Interpolations"><Name_array id="mixamorig_Spine2-Interpolations-array" count="22">
 LINEAR LINEAR LINEAR LINEAR LINEAR LINEAR LINEAR LINEAR LINEAR LINEAR LINEAR
LINEAR LINEAR LINEAR LINEAR LINEAR LINEAR LINEAR LINEAR LINEAR LINEAR LINEAR</Name_array><technique_common><accessor source="#mixamorig_Spine2-Interpolations-array" count="22"><param type="name"/></accessor></technique_common></source><sampler id="mixamorig_Spine2-Matrix-animation-transform"><input semantic="INPUT" source="#mixamorig_Spine2-Matrix-animation-input"/><input semantic="OUTPUT" source="#mixamorig_Spine2-Matrix-animation-output-transform"/><input semantic="INTERPOLATION" source="#mixamorig_Spine2-Interpolations"/></sampler><channel source="#mixamorig_Spine2-Matrix-animation-transform" target="mixamorig_Spine2/matrix"/></animation>
    <animation id="mixamorig_Neck-anim" name="mixamorig_Neck"><source id="mixamorig_Neck-Matrix-animation-input"><float_array id="mixamorig_Neck-Matrix-animation-input-array" count="22">

0.000000 0.033333 0.066667 0.100000 0.133333 0.166667 0.200000 0.233333 0.266667 0.300000 0.333333 0.366667 0.400000 0.433333 0.466667 0.500000
0.533333 0.566667 0.600000 0.633333 0.666667 0.700000</float_array><technique_common><accessor source="#mixamorig_Neck-Matrix-animation-input-array" count="22"><param name="TIME" type="float"/></accessor></technique_common></source><source id="mixamorig_Neck-Matrix-animation-output-transform"><float_array id="mixamorig_Neck-Matrix-animation-output-transform-array" count="352">

0.999971 0.004721 -0.005977 -0.008600 -0.004891 0.999572 -0.028857 16.658001 0.005838 0.028886 0.999566 1.976300 0.000000 0.000000 0.000000 1.000000
0.999451 0.001410 -0.033094 -0.008600 -0.002591 0.999359 -0.035698 16.658001 0.033023 0.035764 0.998815 1.976300 0.000000 0.000000 0.000000 1.000000
0.998811 0.023903 -0.042486 -0.008600 -0.025956 0.998489 -0.048444 16.658001 0.041264 0.049490 0.997922 1.976300 0.000000 0.000000 0.000000 1.000000
0.998440 0.000932 -0.055831 -0.008600 -0.003676 0.998789 -0.049060 16.658001 0.055718 0.049189 0.997234 1.976300 0.000000 0.000000 0.000000 1.000000
0.997804 0.000253 -0.066241 -0.008600 -0.004176 0.998244 -0.059084 16.658001 0.066110 0.059230 0.996053 1.976300 0.000000 0.000000 0.000000 1.000000
0.997513 0.027121 -0.065062 -0.008600 -0.032011 0.996644 -0.075346 16.658001 0.062800 0.077241 0.995033 1.976300 0.000000 0.000000 0.000000 1.000000
0.997996 0.017576 -0.060795 -0.008600 -0.022017 0.997077 -0.073167 16.658001 0.059331 0.074359 0.995465 1.976300 0.000000 0.000000 0.000000 1.000000
0.998713 0.015442 -0.048314 -0.008600 -0.018887 0.997249 -0.071680 16.658001 0.047074 0.072500 0.996257 1.976300 0.000000 0.000000 0.000000 1.000000
0.999367 0.012823 -0.033189 -0.008600 -0.014998 0.997697 -0.066152 16.658001 0.032264 0.066608 0.997257 1.976300 0.000000 0.000000 0.000000 1.000000
0.999843 0.001598 -0.017635 -0.008600 -0.002359 0.999062 -0.043230 16.658001 0.017549 0.043264 0.998910 1.976300 0.000000 0.000000 0.000000 1.000000
0.999681 -0.025193 -0.001712 -0.008600 0.025124 0.999150 -0.032676 16.658001 0.002533 0.032623 0.999465 1.976300 0.000000 0.000000 0.000000 1.000000
0.999763 -0.007374 0.020506 -0.008600 0.008302 0.998926 -0.045584 16.658001 -0.020148 0.045743 0.998750 1.976300 0.000000 0.000000 0.000000 1.000000
0.998740 -0.035428 0.035529 -0.008600 0.037303 0.997867 -0.053577 16.658001 -0.033555 0.054835 0.997931 1.976300 0.000000 0.000000 0.000000 1.000000
0.997975 -0.027674 0.057265 -0.008600 0.030579 0.998256 -0.050489 16.658001 -0.055768 0.052138 0.997081 1.976300 0.000000 0.000000 0.000000 1.000000
0.996739 0.001816 0.080673 -0.008600 0.001426 0.999194 -0.040107 16.658001 -0.080681 0.040092 0.995933 1.976300 0.000000 0.000000 0.000000 1.000000
0.996209 -0.012639 0.086070 -0.008600 0.017120 0.998525 -0.051531 16.658001 -0.085291 0.052809 0.994956 1.976300 0.000000 0.000000 0.000000 1.000000
0.995528 -0.045444 0.082822 -0.008600 0.051640 0.995900 -0.074272 16.658001 -0.079108 0.078217 0.993793 1.976300 0.000000 0.000000 0.000000 1.000000
0.995356 -0.056099 0.078229 -0.008600 0.061763 0.995493 -0.071971 16.658001 -0.073839 0.076469 0.994334 1.976300 0.000000 0.000000 0.000000 1.000000
0.996856 -0.033884 0.071627 -0.008600 0.037555 0.998015 -0.050546 16.658001 -0.069772 0.053077 0.996150 1.976300 0.000000 0.000000 0.000000 1.000000
0.998312 -0.000464 0.058074 -0.008600 0.002343 0.999476 -0.032298 16.658001 -0.058029 0.032380 0.997790 1.976300 0.000000 0.000000 0.000000 1.000000
0.999501 0.008433 0.030453 -0.008600 -0.007521 0.999524 -0.029911 16.658001 -0.030691 0.029668 0.999089 1.976300 0.000000 0.000000 0.000000 1.000000
0.999971 0.004721 -0.005977 -0.008600 -0.004891 0.999572 -0.028857 16.658001 0.005838 0.028886 0.999566 1.976300 0.000000 0.000000 0.000000 1.000000</float_array><technique_common><accessor source="#mixamorig_Neck-Matrix-animation-output-transform-array" count="22" stride="16"><param type="float4x4"/></accessor></technique_common></source><source id="mixamorig_Neck-Interpolations"><Name_array id="mixamorig_Neck-Interpolations-array" count="22">
 LINEAR LINEAR LINEAR LINEAR LINEAR LINEAR LINEAR LINEAR LINEAR LINEAR LINEAR
LINEAR LINEAR LINEAR LINEAR LINEAR LINEAR LINEAR LINEAR LINEAR LINEAR LINEAR</Name_array><technique_common><accessor source="#mixamorig_Neck-Interpolations-array" count="22"><param type="name"/></accessor></technique_common></source><sampler id="mixamorig_Neck-Matrix-animation-transform"><input semantic="INPUT" source="#mixamorig_Neck-Matrix-animation-input"/><input semantic="OUTPUT" source="#mixamorig_Neck-Matrix-animation-output-transform"/><input semantic="INTERPOLATION" source="#mixamorig_Neck-Interpolations"/></sampler><channel source="#mixamorig_Neck-Matrix-animation-transform" target="mixamorig_Neck/matrix"/></animation>
    <animation id="mixamorig_Head-anim" name="mixamorig_Head"><source id="mixamorig_Head-Matrix-animation-input"><float_array id="mixamorig_Head-Matrix-animation-input-array" count="22">

0.000000 0.033333 0.066667 0.100000 0.133333 0.166667 0.200000 0.233333 0.266667 0.300000 0.333333 0.366667 0.400000 0.433333 0.466667 0.500000
0.533333 0.566667 0.600000 0.633333 0.666667 0.700000</float_array><technique_common><accessor source="#mixamorig_Head-Matrix-animation-input-array" count="22"><param name="TIME" type="float"/></accessor></technique_common></source><source id="mixamorig_Head-Matrix-animation-output-transform"><float_array id="mixamorig_Head-Matrix-animation-output-transform-array" count="352">

0.998399 0.054764 0.014124 -0.004500 -0.056531 0.958949 0.277887 9.731100 0.001673 -0.278240 0.960510 3.281100 0.000000 0.000000 0.000000 1.000000
0.989400 0.074373 -0.124723 -0.004500 -0.039608 0.964536 0.260961 9.731100 0.139709 -0.253255 0.957258 3.281100 0.000000 0.000000 0.000000 1.000000
0.971698 0.020755 -0.235311 -0.004500 0.025127 0.981400 0.190323 9.731100 0.234884 -0.190849 0.953103 3.281100 0.000000 0.000000 0.000000 1.000000
0.952070 -0.005717 -0.305826 -0.004500 0.047649 0.990392 0.129823 9.731100 0.302145 -0.138173 0.943195 3.281100 0.000000 0.000000 0.000000 1.000000
0.917800 -0.036764 -0.395336 -0.004500 0.074311 0.994015 0.080079 9.731100 0.390026 -0.102874 0.915039 3.281100 0.000000 0.000000 0.000000 1.000000
0.896920 -0.064709 -0.437432 -0.004500 0.087055 0.995715 0.031204 9.731100 0.433539 -0.066068 0.898710 3.281100 0.000000 0.000000 0.000000 1.000000
0.915019 -0.058460 -0.399153 -0.004500 0.068295 0.997610 0.010450 9.731100 0.397588 -0.036822 0.916825 3.281100 0.000000 0.000000 0.000000 1.000000
0.944794 -0.049934 -0.323837 -0.004500 0.060100 0.997962 0.021463 9.731100 0.322105 -0.039741 0.945869 3.281100 0.000000 0.000000 0.000000 1.000000
0.972025 -0.043425 -0.230828 -0.004500 0.055662 0.997354 0.046763 9.731100 0.228187 -0.058303 0.971870 3.281100 0.000000 0.000000 0.000000 1.000000
0.991883 -0.023806 -0.124905 -0.004500 0.039931 0.990940 0.128233 9.731100 0.120720 -0.132180 0.983847 3.281100 0.000000 0.000000 0.000000 1.000000
0.999641 -0.024603 0.010616 -0.004500 0.021865 0.977981 0.207544 9.731100 -0.015488 -0.207237 0.978168 3.281100 0.000000 0.000000 0.000000 1.000000
0.993009 -0.041417 0.110538 -0.004500 0.016528 0.975983 0.217218 9.731100 -0.116879 -0.213873 0.969844 3.281100 0.000000 0.000000 0.000000 1.000000
0.969125 -0.017091 0.245977 -0.004500 -0.036029 0.977072 0.209841 9.731100 -0.243923 -0.212224 0.946289 3.281100 0.000000 0.000000 0.000000 1.000000
0.929141 -0.000618 0.369726 -0.004500 -0.067608 0.982854 0.171545 9.731100 -0.363493 -0.184386 0.913168 3.281100 0.000000 0.000000 0.000000 1.000000
0.885980 0.006698 0.463675 -0.004500 -0.065701 0.991622 0.111217 9.731100 -0.459045 -0.129000 0.878998 3.281100 0.000000 0.000000 0.000000 1.000000
0.853810 0.024106 0.520027 -0.004500 -0.067855 0.995559 0.065260 9.731100 -0.516144 -0.091006 0.851653 3.281100 0.000000 0.000000 0.000000 1.000000
0.844130 0.035656 0.534951 -0.004500 -0.078284 0.995289 0.057190 9.731100 -0.530392 -0.090154 0.842945 3.281100 0.000000 0.000000 0.000000 1.000000
0.858920 0.020918 0.511682 -0.004500 -0.079487 0.992502 0.092854 9.731100 -0.505903 -0.120427 0.854142 3.281100 0.000000 0.000000 0.000000 1.000000
0.893553 0.005190 0.448928 -0.004500 -0.076348 0.987125 0.140552 9.731100 -0.442419 -0.159866 0.882445 3.281100 0.000000 0.000000 0.000000 1.000000
0.943098 0.003112 0.332500 -0.004500 -0.062969 0.983534 0.169399 9.731100 -0.326497 -0.180697 0.927765 3.281100 0.000000 0.000000 0.000000 1.000000
0.982797 0.010230 0.184404 -0.004500 -0.050468 0.975338 0.214869 9.731100 -0.177658 -0.220479 0.959076 3.281100 0.000000 0.000000 0.000000 1.000000
0.998399 0.054764 0.014124 -0.004500 -0.056531 0.958949 0.277887 9.731100 0.001673 -0.278240 0.960510 3.281100 0.000000 0.000000 0.000000 1.000000</float_array><technique_common><accessor source="#mixamorig_Head-Matrix-animation-output-transform-array" count="22" stride="16"><param type="float4x4"/></accessor></technique_common></source><source id="mixamorig_Head-Interpolations"><Name_array id="mixamorig_Head-Interpolations-array" count="22">
 LINEAR LINEAR LINEAR LINEAR LINEAR LINEAR LINEAR LINEAR LINEAR LINEAR LINEAR
LINEAR LINEAR LINEAR LINEAR LINEAR LINEAR LINEAR LINEAR LINEAR LINEAR LINEAR</Name_array><technique_common><accessor source="#mixamorig_Head-Interpolations-array" count="22"><param type="name"/></accessor></technique_common></source><sampler id="mixamorig_Head-Matrix-animation-transform"><input semantic="INPUT" source="#mixamorig_Head-Matrix-animation-input"/><input semantic="OUTPUT" source="#mixamorig_Head-Matrix-animation-output-transform"/><input semantic="INTERPOLATION" source="#mixamorig_Head-Interpolations"/></sampler><channel source="#mixamorig_Head-Matrix-animation-transform" target="mixamorig_Head/matrix"/></animation>
    <animation id="mixamorig_LeftShoulder-anim" name="mixamorig_LeftShoulder"><source id="mixamorig_LeftShoulder-Matrix-animation-input"><float_array id="mixamorig_LeftShoulder-Matrix-animation-input-array" count="22">

0.000000 0.033333 0.066667 0.100000 0.133333 0.166667 0.200000 0.233333 0.266667 0.300000 0.333333 0.366667 0.400000 0.433333 0.466667 0.500000
0.533333 0.566667 0.600000 0.633333 0.666667 0.700000</float_array><technique_common><accessor source="#mixamorig_LeftShoulder-Matrix-animation-input-array" count="22"><param name="TIME" type="float"/></accessor></technique_common></source><source id="mixamorig_LeftShoulder-Matrix-animation-output-transform"><float_array id="mixamorig_LeftShoulder-Matrix-animation-output-transform-array" count="352">

-0.043423 0.975489 -0.215723 6.750500 0.285222 -0.194836 -0.938449 10.313800 -0.957477 -0.102279 -0.269771 1.595300 0.000000 0.000000 0.000000 1.000000
-0.048581 0.979654 -0.194723 6.750500 0.282826 -0.173482 -0.943352 10.313800 -0.957940 -0.100901 -0.268644 1.595300 0.000000 0.000000 0.000000 1.000000
-0.100512 0.980904 -0.166505 6.750500 0.277553 -0.133064 -0.951451 10.313800 -0.955438 -0.141846 -0.258879 1.595300 0.000000 0.000000 0.000000 1.000000
-0.150538 0.980252 -0.128233 6.750500 0.268756 -0.084248 -0.959517 10.313800 -0.951372 -0.178907 -0.250766 1.595300 0.000000 0.000000 0.000000 1.000000
-0.158581 0.985426 -0.061538 6.750500 0.257297 -0.018929 -0.966147 10.313800 -0.953232 -0.169046 -0.250545 1.595300 0.000000 0.000000 0.000000 1.000000
-0.159164 0.986862 -0.027768 6.750500 0.249831 0.013051 -0.968201 10.313800 -0.955118 -0.161040 -0.248626 1.595300 0.000000 0.000000 0.000000 1.000000
-0.167254 0.985663 -0.022227 6.750500 0.246698 0.020013 -0.968886 10.313800 -0.954550 -0.167534 -0.246508 1.595300 0.000000 0.000000 0.000000 1.000000
-0.140962 0.989139 -0.041634 6.750500 0.256178 -0.004178 -0.966621 10.313800 -0.956296 -0.146922 -0.252807 1.595300 0.000000 0.000000 0.000000 1.000000
-0.068393 0.990637 -0.118158 6.750500 0.273181 -0.095313 -0.957229 10.313800 -0.959528 -0.097747 -0.264104 1.595300 0.000000 0.000000 0.000000 1.000000
0.024491 0.975867 -0.216989 6.750500 0.285288 -0.214851 -0.934050 10.313800 -0.958129 -0.039029 -0.283665 1.595300 0.000000 0.000000 0.000000 1.000000
0.047712 0.968240 -0.245428 6.750500 0.286802 -0.248641 -0.925161 10.313800 -0.956801 -0.026248 -0.289556 1.595300 0.000000 0.000000 0.000000 1.000000
0.056994 0.970628 -0.233738 6.750500 0.285878 -0.240182 -0.927678 10.313800 -0.956570 -0.013948 -0.291170 1.595300 0.000000 0.000000 0.000000 1.000000
0.065732 0.984837 -0.160545 6.750500 0.281394 -0.172658 -0.943931 10.313800 -0.957338 0.016870 -0.288476 1.595300 0.000000 0.000000 0.000000 1.000000
0.028102 0.992444 -0.119436 6.750500 0.277979 -0.122529 -0.952740 10.313800 -0.960176 -0.006427 -0.279322 1.595300 0.000000 0.000000 0.000000 1.000000
-0.019028 0.994060 -0.107154 6.750500 0.274874 -0.097843 -0.956489 10.313800 -0.961292 -0.047654 -0.271380 1.595300 0.000000 0.000000 0.000000 1.000000
-0.047435 0.994862 -0.089442 6.750500 0.271305 -0.073345 -0.959695 10.313800 -0.961324 -0.069789 -0.266432 1.595300 0.000000 0.000000 0.000000 1.000000
-0.061576 0.995454 -0.072664 6.750500 0.268339 -0.053611 -0.961832 10.313800 -0.961355 -0.078724 -0.263818 1.595300 0.000000 0.000000 0.000000 1.000000
-0.059583 0.995491 -0.073804 6.750500 0.268644 -0.055216 -0.961655 10.313800 -0.961395 -0.077126 -0.264143 1.595300 0.000000 0.000000 0.000000 1.000000
-0.054715 0.992218 -0.111845 6.750500 0.273359 -0.092848 -0.957420 10.313800 -0.960355 -0.082959 -0.266152 1.595300 0.000000 0.000000 0.000000 1.000000
-0.038801 0.985060 -0.167786 6.750500 0.280219 -0.150448 -0.948073 10.313800 -0.959152 -0.083803 -0.270195 1.595300 0.000000 0.000000 0.000000 1.000000
-0.053016 0.979904 -0.192296 6.750500 0.282503 -0.169982 -0.944086 10.313800 -0.957800 -0.104376 -0.267814 1.595300 0.000000 0.000000 0.000000 1.000000
-0.043423 0.975489 -0.215723 6.750500 0.285222 -0.194836 -0.938449 10.313800 -0.957477 -0.102279 -0.269771 1.595300 0.000000 0.000000 0.000000 1.000000</float_array><technique_common><accessor source="#mixamorig_LeftShoulder-Matrix-animation-output-transform-array" count="22" stride="16"><param type="float4x4"/></accessor></technique_common></source><source id="mixamorig_LeftShoulder-Interpolations"><Name_array id="mixamorig_LeftShoulder-Interpolations-array" count="22">
 LINEAR LINEAR LINEAR LINEAR LINEAR LINEAR LINEAR LINEAR LINEAR LINEAR LINEAR
LINEAR LINEAR LINEAR LINEAR LINEAR LINEAR LINEAR LINEAR LINEAR LINEAR LINEAR</Name_array><technique_common><accessor source="#mixamorig_LeftShoulder-Interpolations-array" count="22"><param type="name"/></accessor></technique_common></source><sampler id="mixamorig_LeftShoulder-Matrix-animation-transform"><input semantic="INPUT" source="#mixamorig_LeftShoulder-Matrix-animation-input"/><input semantic="OUTPUT" source="#mixamorig_LeftShoulder-Matrix-animation-output-transform"/><input semantic="INTERPOLATION" source="#mixamorig_LeftShoulder-Interpolations"/></sampler><channel source="#mixamorig_LeftShoulder-Matrix-animation-transform" target="mixamorig_LeftShoulder/matrix"/></animation>
    <animation id="mixamorig_LeftArm-anim" name="mixamorig_LeftArm"><source id="mixamorig_LeftArm-Matrix-animation-input"><float_array id="mixamorig_LeftArm-Matrix-animation-input-array" count="22">

0.000000 0.033333 0.066667 0.100000 0.133333 0.166667 0.200000 0.233333 0.266667 0.300000 0.333333 0.366667 0.400000 0.433333 0.466667 0.500000
0.533333 0.566667 0.600000 0.633333 0.666667 0.700000</float_array><technique_common><accessor source="#mixamorig_LeftArm-Matrix-animation-input-array" count="22"><param name="TIME" type="float"/></accessor></technique_common></source><source id="mixamorig_LeftArm-Matrix-animation-output-transform"><float_array id="mixamorig_LeftArm-Matrix-animation-output-transform-array" count="352">

0.920412 -0.060343 0.386264 0.000000 0.348339 0.575127 -0.740195 15.152800 -0.177485 0.815835 0.550374 -0.000000 0.000000 0.000000 0.000000 1.000000
0.914059 0.024057 0.404868 0.000000 0.305668 0.615255 -0.726656 15.152800 -0.266578 0.787961 0.555026 -0.000000 0.000000 0.000000 0.000000 1.000000
0.861360 0.127593 0.491711 0.000000 0.294691 0.662926 -0.688248 15.152800 -0.413784 0.737732 0.533418 -0.000000 0.000000 0.000000 0.000000 1.000000
0.798044 0.193437 0.570708 0.000000 0.283894 0.714701 -0.639223 15.152800 -0.531535 0.672149 0.515448 0.000000 0.000000 0.000000 0.000000 1.000000
0.722995 0.252214 0.643168 0.000000 0.293067 0.731090 -0.616133 15.152800 -0.625611 0.633953 0.454659 0.000000 0.000000 0.000000 0.000000 1.000000
0.674504 0.308983 0.670503 0.000000 0.282141 0.731386 -0.620863 15.152800 -0.682232 0.607951 0.406146 0.000000 0.000000 0.000000 0.000000 1.000000
0.678612 0.363025 0.638512 -0.000000 0.253417 0.700217 -0.667440 15.152800 -0.689395 0.614743 0.383179 0.000000 0.000000 0.000000 0.000000 1.000000
0.733669 0.384796 0.560055 -0.000000 0.222636 0.642588 -0.733154 15.152800 -0.641999 0.662581 0.385777 0.000000 0.000000 0.000000 0.000000 1.000000
0.839810 0.316571 0.441024 0.000000 0.168781 0.619865 -0.766342 15.152800 -0.515977 0.718018 0.467138 0.000000 0.000000 0.000000 0.000000 1.000000
0.964254 0.100210 0.245300 0.000000 0.127260 0.636849 -0.760414 15.152800 -0.232420 0.764449 0.601331 -0.000000 0.000000 0.000000 0.000000 1.000000
0.951721 -0.284772 0.114596 0.000000 0.262142 0.559751 -0.786105 15.152800 0.159715 0.778193 0.607377 -0.000000 0.000000 0.000000 0.000000 1.000000
0.847571 -0.528313 0.050079 0.000000 0.321745 0.436533 -0.840190 15.152800 0.422022 0.728233 0.539975 0.000000 0.000000 0.000000 0.000000 1.000000
0.816389 -0.577178 0.019351 0.000000 0.307778 0.406496 -0.860252 15.152800 0.488652 0.708256 0.509502 0.000000 0.000000 0.000000 0.000000 1.000000
0.819994 -0.568704 0.064692 0.000000 0.369921 0.440315 -0.818096 15.152800 0.436770 0.694765 0.571431 0.000000 0.000000 0.000000 0.000000 1.000000
0.857520 -0.503376 0.106169 -0.000000 0.413381 0.551373 -0.724641 15.152800 0.306228 0.665282 0.680900 0.000000 0.000000 0.000000 0.000000 1.000000
0.881115 -0.452278 0.138130 0.000000 0.435093 0.660877 -0.611502 15.152800 0.185282 0.598904 0.779092 -0.000000 0.000000 0.000000 0.000000 1.000000
0.910715 -0.371062 0.181411 -0.000000 0.404363 0.711466 -0.574723 15.152800 0.084190 0.596765 0.797987 0.000000 0.000000 0.000000 0.000000 1.000000
0.932240 -0.286250 0.221335 0.000000 0.360925 0.692168 -0.625009 15.152800 0.025707 0.662544 0.748582 0.000000 0.000000 0.000000 0.000000 1.000000
0.940300 -0.196698 0.277752 0.000000 0.338004 0.635302 -0.694367 15.152800 -0.039875 0.746794 0.663859 0.000000 0.000000 0.000000 0.000000 1.000000
0.929378 -0.121645 0.348510 0.000000 0.352563 0.572202 -0.740463 15.152800 -0.109344 0.811041 0.574679 -0.000000 0.000000 0.000000 0.000000 1.000000
0.914068 -0.089225 0.395625 0.000000 0.379121 0.534448 -0.755402 15.152800 -0.144040 0.840479 0.522349 0.000000 0.000000 0.000000 0.000000 1.000000
0.920412 -0.060343 0.386264 0.000000 0.348339 0.575127 -0.740195 15.152800 -0.177485 0.815835 0.550374 -0.000000 0.000000 0.000000 0.000000 1.000000</float_array><technique_common><accessor source="#mixamorig_LeftArm-Matrix-animation-output-transform-array" count="22" stride="16"><param type="float4x4"/></accessor></technique_common></source><source id="mixamorig_LeftArm-Interpolations"><Name_array id="mixamorig_LeftArm-Interpolations-array" count="22">
