<?xml version="1.0" encoding="utf-8"?>
<COLLADA xmlns="http://www.collada.org/2005/11/COLLADASchema" version="1.4.1">
  <asset><contributor><author>Mixamo</author><authoring_tool>COLLADA Mixamo exporter</authoring_tool><comments></comments></contributor><created>2016-06-10T14:50:16Z</created><modified>2016-06-10T14:50:16Z</modified><revision></revision><title></title><unit meter="0.010000"/><up_axis>Y_UP</up_axis></asset>
  <library_animations>
    <animation id="mixamorig_Hips-anim" name="mixamorig_Hips"><source id="mixamorig_Hips-Matrix-animation-input"><float_array id="mixamorig_Hips-Matrix-animation-input-array" count="85">

0.000000 0.033333 0.066667 0.100000 0.133333 0.166667 0.200000 0.233333 0.266667 0.300000 0.333333 0.366667 0.400000 0.433333 0.466667 0.500000
0.533333 0.566667 0.600000 0.633333 0.666667 0.700000 0.733333 0.766667 0.800000 0.833333 0.866667 0.900000 0.933333 0.966667 1.000000 1.033333
1.066667 1.100000 1.133333 1.166667 1.200000 1.233333 1.266667 1.300000 1.333333 1.366667 1.400000 1.433333 1.466667 1.500000 1.533333 1.566667
1.600000 1.633333 1.666667 1.700000 1.733333 1.766667 1.800000 1.833333 1.866667 1.900000 1.933333 1.966667 2.000000 2.033333 2.066667 2.100000
2.133333 2.166667 2.200000 2.233333 2.266667 2.300000 2.333333 2.366667 2.400000 2.433333 2.466667 2.500000 2.533333 2.566667 2.600000 2.633333
2.666667 2.700000 2.733333 2.766667 2.800000</float_array><technique_common><accessor source="#mixamorig_Hips-Matrix-animation-input-array" count="85"><param name="TIME" type="float"/></accessor></technique_common></source><source id="mixamorig_Hips-Matrix-animation-output-transform"><float_array id="mixamorig_Hips-Matrix-animation-output-transform-array" count="1360">

0.997499 0.007575 0.070277 -0.352414 -0.010477 0.999104 0.041012 95.892471 -0.069904 -0.041646 0.996684 -0.487573 0.000000 0.000000 0.000000 1.000000
0.998587 -0.004132 0.052989 -0.316801 0.002026 0.999208 0.039743 96.456093 -0.053111 -0.039579 0.997804 -0.813170 0.000000 0.000000 0.000000 1.000000
0.999067 -0.008147 0.042419 -0.219405 0.006792 0.999465 0.031996 96.790367 -0.042657 -0.031678 0.998587 -1.187481 0.000000 0.000000 0.000000 1.000000
0.999540 -0.012311 0.027721 -0.126201 0.011670 0.999664 0.023156 96.864418 -0.027997 -0.022822 0.999347 -1.618604 0.000000 0.000000 0.000000 1.000000
0.999820 -0.011077 0.015416 -0.047291 0.010910 0.999882 0.010856 96.736458 -0.015535 -0.010685 0.999822 -2.080327 0.000000 0.000000 0.000000 1.000000
0.999969 -0.006133 0.004881 0.017998 0.006145 0.999978 -0.002595 96.364777 -0.004865 0.002625 0.999985 -2.534453 0.000000 0.000000 0.000000 1.000000
0.999987 -0.000305 -0.005112 0.123959 0.000229 0.999888 -0.014948 95.917839 0.005116 0.014947 0.999875 -2.836797 0.000000 0.000000 0.000000 1.000000
0.999851 0.005118 -0.016457 0.320529 -0.005559 0.999622 -0.026919 95.237656 0.016313 0.027006 0.999502 -2.916204 0.000000 0.000000 0.000000 1.000000
0.999491 0.008381 -0.030779 0.632423 -0.009570 0.999206 -0.038674 94.576691 0.030431 0.038949 0.998778 -2.784609 0.000000 0.000000 0.000000 1.000000
0.998870 0.007507 -0.046932 1.060893 -0.009731 0.998831 -0.047347 94.078278 0.046522 0.047751 0.997775 -2.348291 0.000000 0.000000 0.000000 1.000000
0.998091 0.000146 -0.061763 1.599187 -0.003355 0.998649 -0.051862 93.797791 0.061672 0.051971 0.996742 -1.430955 0.000000 0.000000 0.000000 1.000000
0.997150 -0.014152 -0.074105 2.126922 0.010237 0.998545 -0.052947 93.716827 0.074746 0.052038 0.995844 -0.130072 0.000000 0.000000 0.000000 1.000000
0.995854 -0.031169 -0.085455 2.602342 0.026880 0.998342 -0.050891 93.942459 0.086900 0.048383 0.995041 1.139998 0.000000 0.000000 0.000000 1.000000
0.994295 -0.047892 -0.095312 3.071846 0.043536 0.997933 -0.047273 94.203819 0.097378 0.042854 0.994324 2.111051 0.000000 0.000000 0.000000 1.000000
0.993036 -0.062234 -0.100030 3.564523 0.058190 0.997385 -0.042858 94.450012 0.102436 0.036738 0.994061 2.650847 0.000000 0.000000 0.000000 1.000000
0.992398 -0.072485 -0.099460 4.060658 0.069201 0.996950 -0.036077 94.623825 0.101772 0.028920 0.994387 2.754025 0.000000 0.000000 0.000000 1.000000
0.992194 -0.077608 -0.097607 4.520190 0.075273 0.996787 -0.027384 94.779320 0.099418 0.019823 0.994848 2.645187 0.000000 0.000000 0.000000 1.000000
0.992419 -0.078886 -0.094245 4.911099 0.077472 0.996821 -0.018574 94.963631 0.095410 0.011132 0.995376 2.545776 0.000000 0.000000 0.000000 1.000000
0.993346 -0.076193 -0.086359 5.183746 0.075614 0.997087 -0.009960 95.164452 0.086867 0.003364 0.996214 2.508965 0.000000 0.000000 0.000000 1.000000
0.994811 -0.068338 -0.075367 5.324955 0.068323 0.997659 -0.002782 95.527641 0.075381 -0.002381 0.997152 2.428790 0.000000 0.000000 0.000000 1.000000
0.996511 -0.056328 -0.061589 5.382646 0.056497 0.998402 0.001014 95.798714 0.061433 -0.004490 0.998101 2.296486 0.000000 0.000000 0.000000 1.000000
0.998122 -0.043086 -0.043550 5.422126 0.043174 0.999067 0.001088 96.073753 0.043463 -0.002966 0.999051 2.112817 0.000000 0.000000 0.000000 1.000000
0.999182 -0.031629 -0.025212 5.457972 0.031592 0.999499 -0.001888 96.352486 0.025260 0.001090 0.999680 1.853958 0.000000 0.000000 0.000000 1.000000
0.999654 -0.024546 -0.009407 5.460362 0.024475 0.999672 -0.007596 96.429169 0.009591 0.007363 0.999927 1.549631 0.000000 0.000000 0.000000 1.000000
0.999732 -0.022909 0.003303 5.413862 0.022960 0.999608 -0.016041 96.400620 -0.002934 0.016113 0.999866 1.245142 0.000000 0.000000 0.000000 1.000000
0.999564 -0.026096 0.013798 5.330825 0.026455 0.999299 -0.026502 96.175789 -0.013097 0.026856 0.999554 0.974533 0.000000 0.000000 0.000000 1.000000
0.999224 -0.031776 0.023293 5.232859 0.032634 0.998768 -0.037395 95.802895 -0.022076 0.038126 0.999029 0.786103 0.000000 0.000000 0.000000 1.000000
0.998813 -0.036557 0.032183 5.100028 0.038041 0.998182 -0.046752 95.268677 -0.030416 0.047921 0.998388 0.783881 0.000000 0.000000 0.000000 1.000000
0.998406 -0.038489 0.041284 4.863913 0.040677 0.997737 -0.053537 94.605988 -0.039130 0.055131 0.997712 1.025743 0.000000 0.000000 0.000000 1.000000
0.998097 -0.035144 0.050659 4.466616 0.038053 0.997611 -0.057656 93.922150 -0.048512 0.059474 0.997050 1.615115 0.000000 0.000000 0.000000 1.000000
0.997970 -0.024341 0.058856 3.880083 0.027808 0.997881 -0.058818 93.394547 -0.057300 0.060335 0.996532 2.566085 0.000000 0.000000 0.000000 1.000000
0.997873 -0.007136 0.064803 3.197160 0.010829 0.998326 -0.056817 93.196716 -0.064289 0.057398 0.996279 3.708055 0.000000 0.000000 0.000000 1.000000
0.997547 0.012364 0.068893 2.505938 -0.008727 0.998565 -0.052833 93.316589 -0.069448 0.052102 0.996224 4.773382 0.000000 0.000000 0.000000 1.000000
0.996869 0.031916 0.072341 1.824435 -0.028490 0.998445 -0.047914 93.717674 -0.073758 0.045703 0.996228 5.583722 0.000000 0.000000 0.000000 1.000000
0.995911 0.048994 0.075903 1.141257 -0.045963 0.998094 -0.041177 94.022728 -0.077775 0.037520 0.996265 6.041061 0.000000 0.000000 0.000000 1.000000
0.995117 0.058938 0.079178 0.460988 -0.056633 0.997912 -0.031056 94.231308 -0.080843 0.026421 0.996377 6.165003 0.000000 0.000000 0.000000 1.000000
0.994598 0.062216 0.083095 -0.179397 -0.060925 0.997980 -0.017988 94.419510 -0.084046 0.012829 0.996379 6.163445 0.000000 0.000000 0.000000 1.000000
0.994186 0.063297 0.087113 -0.730165 -0.063230 0.997993 -0.003530 94.647743 -0.087162 -0.001998 0.996192 6.172299 0.000000 0.000000 0.000000 1.000000
0.994061 0.063435 0.088428 -1.157898 -0.064727 0.997833 0.011821 94.960159 -0.087487 -0.017475 0.996012 6.140307 0.000000 0.000000 0.000000 1.000000
0.994697 0.058919 0.084300 -1.461817 -0.061397 0.997745 0.027110 95.277710 -0.082512 -0.032142 0.996072 5.996511 0.000000 0.000000 0.000000 1.000000
0.996029 0.048619 0.074578 -1.665688 -0.051644 0.997897 0.039181 95.575577 -0.072516 -0.042877 0.996445 5.774947 0.000000 0.000000 0.000000 1.000000
0.997475 0.036162 0.061129 -1.791647 -0.038971 0.998208 0.045403 95.899979 -0.059378 -0.047671 0.997097 5.499257 0.000000 0.000000 0.000000 1.000000
0.998631 0.024843 0.046031 -1.850592 -0.026974 0.998565 0.046259 96.219055 -0.044816 -0.047437 0.997868 5.137017 0.000000 0.000000 0.000000 1.000000
0.999377 0.015855 0.031534 -1.844947 -0.017209 0.998920 0.043148 96.427147 -0.030816 -0.043663 0.998571 4.693376 0.000000 0.000000 0.000000 1.000000
0.999755 0.010532 0.019445 -1.796312 -0.011252 0.999241 0.037297 96.499649 -0.019037 -0.037506 0.999115 4.217404 0.000000 0.000000 0.000000 1.000000
0.999895 0.011041 0.009345 -1.730288 -0.011317 0.999485 0.030017 96.523849 -0.009009 -0.030120 0.999506 3.714611 0.000000 0.000000 0.000000 1.000000
0.999869 0.016202 -0.000409 -1.659440 -0.016190 0.999645 0.021143 96.508141 0.000752 -0.021134 0.999776 3.288165 0.000000 0.000000 0.000000 1.000000
0.999680 0.022857 -0.010795 -1.576826 -0.022727 0.999670 0.011991 96.200119 0.011066 -0.011742 0.999870 2.997828 0.000000 0.000000 0.000000 1.000000
0.999329 0.028836 -0.022605 -1.453065 -0.028748 0.999578 0.004209 95.706802 0.022717 -0.003556 0.999736 2.803367 0.000000 0.000000 0.000000 1.000000
0.998783 0.033000 -0.036644 -1.233049 -0.033164 0.999442 -0.003856 95.037956 0.036496 0.005066 0.999321 2.686836 0.000000 0.000000 0.000000 1.000000
0.998097 0.033107 -0.052015 -0.866690 -0.033777 0.999357 -0.012052 94.381477 0.051583 0.013786 0.998574 2.828097 0.000000 0.000000 0.000000 1.000000
0.997510 0.026444 -0.065380 -0.363784 -0.027706 0.999445 -0.018476 93.917900 0.064855 0.020241 0.997689 3.405854 0.000000 0.000000 0.000000 1.000000
0.997081 0.012983 -0.075245 0.220364 -0.014683 0.999648 -0.022092 93.718704 0.074932 0.023133 0.996920 4.376394 0.000000 0.000000 0.000000 1.000000
0.996493 -0.003833 -0.083586 0.832103 0.001881 0.999724 -0.023413 93.845779 0.083652 0.023174 0.996226 5.439284 0.000000 0.000000 0.000000 1.000000
0.995758 -0.020806 -0.089627 1.459540 0.018768 0.999547 -0.023526 94.293480 0.090076 0.021744 0.995698 6.251111 0.000000 0.000000 0.000000 1.000000
0.995145 -0.036310 -0.091473 2.082361 0.034342 0.999145 -0.023005 94.897141 0.092230 0.019752 0.995542 6.653642 0.000000 0.000000 0.000000 1.000000
0.994660 -0.048889 -0.090887 2.684989 0.047153 0.998664 -0.021149 95.269852 0.091799 0.016751 0.995637 6.623851 0.000000 0.000000 0.000000 1.000000
0.994430 -0.056619 -0.088902 3.278955 0.055290 0.998320 -0.017342 95.421280 0.089734 0.012330 0.995889 6.321908 0.000000 0.000000 0.000000 1.000000
0.994554 -0.060802 -0.084645 3.857181 0.059954 0.998123 -0.012520 95.674240 0.085247 0.007377 0.996333 5.946016 0.000000 0.000000 0.000000 1.000000
0.995114 -0.062234 -0.076654 4.367459 0.061857 0.998058 -0.007278 96.132393 0.076958 0.002501 0.997031 5.588544 0.000000 0.000000 0.000000 1.000000
0.996187 -0.059091 -0.064184 4.758587 0.059082 0.998251 -0.002052 96.586639 0.064193 -0.001748 0.997936 5.221246 0.000000 0.000000 0.000000 1.000000
0.997630 -0.050745 -0.046467 5.037459 0.050879 0.998703 0.001697 96.908150 0.046321 -0.004057 0.998918 4.787013 0.000000 0.000000 0.000000 1.000000
0.998932 -0.039008 -0.024767 5.261321 0.039088 0.999232 0.002723 97.182610 0.024642 -0.003688 0.999690 4.272882 0.000000 0.000000 0.000000 1.000000
0.999648 -0.026420 -0.002470 5.447821 0.026423 0.999650 0.000967 97.467934 0.002444 -0.001032 0.999996 3.696199 0.000000 0.000000 0.000000 1.000000
0.999716 -0.016063 0.017601 5.563742 0.016127 0.999864 -0.003499 97.728622 -0.017542 0.003782 0.999839 3.080874 0.000000 0.000000 0.000000 1.000000
0.999366 -0.010360 0.034061 5.607090 0.010755 0.999877 -0.011421 97.855392 -0.033939 0.011780 0.999354 2.440646 0.000000 0.000000 0.000000 1.000000
0.998871 -0.009220 0.046598 5.626308 0.010243 0.999711 -0.021756 97.781937 -0.046384 0.022209 0.998677 1.778748 0.000000 0.000000 0.000000 1.000000
0.998378 -0.011560 0.055741 5.569419 0.013331 0.999415 -0.031497 97.514160 -0.055344 0.032189 0.997948 1.072658 0.000000 0.000000 0.000000 1.000000
0.997885 -0.015917 0.063019 5.395626 0.018591 0.998941 -0.042075 97.105026 -0.062283 0.043158 0.997125 0.739220 0.000000 0.000000 0.000000 1.000000
0.997348 -0.020989 0.069688 5.148730 0.024758 0.998252 -0.053672 96.632790 -0.068440 0.055255 0.996124 0.711756 0.000000 0.000000 0.000000 1.000000
0.996789 -0.025642 0.075851 4.848951 0.030421 0.997579 -0.062539 96.121529 -0.074064 0.064646 0.995156 0.750638 0.000000 0.000000 0.000000 1.000000
0.996295 -0.027836 0.081378 4.486691 0.033555 0.996998 -0.069784 95.590591 -0.079191 0.072256 0.994237 0.893140 0.000000 0.000000 0.000000 1.000000
0.995900 -0.025716 0.086723 4.061580 0.032355 0.996580 -0.076035 95.060455 -0.084471 0.078529 0.993327 1.106112 0.000000 0.000000 0.000000 1.000000
0.995586 -0.019071 0.091892 3.568027 0.026261 0.996632 -0.077680 94.520958 -0.090101 0.079751 0.992734 1.287043 0.000000 0.000000 0.000000 1.000000
0.995351 -0.009224 0.095868 3.088215 0.016341 0.997144 -0.073728 94.285660 -0.094914 0.074952 0.992660 1.881226 0.000000 0.000000 0.000000 1.000000
0.994903 0.003501 0.100780 2.600025 0.003286 0.997741 -0.067097 94.381706 -0.100787 0.067086 0.992644 2.745612 0.000000 0.000000 0.000000 1.000000
0.993806 0.017922 0.109671 1.994254 -0.011638 0.998268 -0.057674 94.541412 -0.110514 0.056041 0.992293 3.329762 0.000000 0.000000 0.000000 1.000000
0.992369 0.030705 0.119419 1.313962 -0.025546 0.998683 -0.044495 94.620621 -0.120628 0.041105 0.991846 3.518836 0.000000 0.000000 0.000000 1.000000
0.991286 0.038177 0.126076 0.695253 -0.034693 0.998956 -0.029718 94.588478 -0.127079 0.025085 0.991575 3.357496 0.000000 0.000000 0.000000 1.000000
0.990619 0.040916 0.130386 0.233215 -0.039187 0.999107 -0.015798 94.649536 -0.130916 0.010540 0.991337 3.100721 0.000000 0.000000 0.000000 1.000000
0.990392 0.041232 0.131996 -0.080636 -0.041281 0.999145 -0.002368 94.923271 -0.131981 -0.003103 0.991247 2.865674 0.000000 0.000000 0.000000 1.000000
0.991117 0.038224 0.127380 -0.271437 -0.040041 0.999129 0.011733 95.264900 -0.126821 -0.016729 0.991785 2.524853 0.000000 0.000000 0.000000 1.000000
0.993288 0.028891 0.112000 -0.369368 -0.031956 0.999160 0.025669 95.533928 -0.111165 -0.029075 0.993377 1.996758 0.000000 0.000000 0.000000 1.000000
0.996215 0.014888 0.085637 -0.376048 -0.018093 0.999160 0.036770 95.771042 -0.085018 -0.038180 0.995648 1.341501 0.000000 0.000000 0.000000 1.000000
0.997498 0.007581 0.070283 -0.352302 -0.010483 0.999104 0.041012 95.891350 -0.069909 -0.041646 0.996684 -0.487453 0.000000 0.000000 0.000000 1.000000</float_array><technique_common><accessor source="#mixamorig_Hips-Matrix-animation-output-transform-array" count="85" stride="16"><param type="float4x4"/></accessor></technique_common></source><source id="mixamorig_Hips-Interpolations"><Name_array id="mixamorig_Hips-Interpolations-array" count="85">
 LINEAR LINEAR LINEAR LINEAR LINEAR LINEAR LINEAR LINEAR LINEAR LINEAR LINEAR
LINEAR LINEAR LINEAR LINEAR LINEAR LINEAR LINEAR LINEAR LINEAR LINEAR LINEAR LINEAR
LINEAR LINEAR LINEAR LINEAR LINEAR LINEAR LINEAR LINEAR LINEAR LINEAR LINEAR LINEAR
LINEAR LINEAR LINEAR LINEAR LINEAR LINEAR LINEAR LINEAR LINEAR LINEAR LINEAR LINEAR
LINEAR LINEAR LINEAR LINEAR LINEAR LINEAR LINEAR LINEAR LINEAR LINEAR LINEAR LINEAR
LINEAR LINEAR LINEAR LINEAR LINEAR LINEAR LINEAR LINEAR LINEAR LINEAR LINEAR LINEAR
LINEAR LINEAR LINEAR LINEAR LINEAR LINEAR LINEAR LINEAR LINEAR LINEAR LINEAR LINEAR
LINEAR LINEAR</Name_array><technique_common><accessor source="#mixamorig_Hips-Interpolations-array" count="85"><param type="name"/></accessor></technique_common></source><sampler id="mixamorig_Hips-Matrix-animation-transform"><input semantic="INPUT" source="#mixamorig_Hips-Matrix-animation-input"/><input semantic="OUTPUT" source="#mixamorig_Hips-Matrix-animation-output-transform"/><input semantic="INTERPOLATION" source="#mixamorig_Hips-Interpolations"/></sampler><channel source="#mixamorig_Hips-Matrix-animation-transform" target="mixamorig_Hips/matrix"/></animation>
    <animation id="mixamorig_Spine-anim" name="mixamorig_Spine"><source id="mixamorig_Spine-Matrix-animation-input"><float_array id="mixamorig_Spine-Matrix-animation-input-array" count="85">

0.000000 0.033333 0.066667 0.100000 0.133333 0.166667 0.200000 0.233333 0.266667 0.300000 0.333333 0.366667 0.400000 0.433333 0.466667 0.500000
0.533333 0.566667 0.600000 0.633333 0.666667 0.700000 0.733333 0.766667 0.800000 0.833333 0.866667 0.900000 0.933333 0.966667 1.000000 1.033333
1.066667 1.100000 1.133333 1.166667 1.200000 1.233333 1.266667 1.300000 1.333333 1.366667 1.400000 1.433333 1.466667 1.500000 1.533333 1.566667
1.600000 1.633333 1.666667 1.700000 1.733333 1.766667 1.800000 1.833333 1.866667 1.900000 1.933333 1.966667 2.000000 2.033333 2.066667 2.100000
2.133333 2.166667 2.200000 2.233333 2.266667 2.300000 2.333333 2.366667 2.400000 2.433333 2.466667 2.500000 2.533333 2.566667 2.600000 2.633333
2.666667 2.700000 2.733333 2.766667 2.800000</float_array><technique_common><accessor source="#mixamorig_Spine-Matrix-animation-input-array" count="85"><param name="TIME" type="float"/></accessor></technique_common></source><source id="mixamorig_Spine-Matrix-animation-output-transform"><float_array id="mixamorig_Spine-Matrix-animation-output-transform-array" count="1360">

0.999788 -0.015873 0.013101 0.001300 0.015072 0.998139 0.059088 9.187200 -0.014014 -0.058878 0.998167 -1.322800 0.000000 0.000000 0.000000 1.000000
0.999754 -0.012361 0.018433 0.001300 0.011245 0.998166 0.059483 9.187200 -0.019135 -0.059261 0.998059 -1.322800 0.000000 0.000000 0.000000 1.000000
0.999711 -0.010280 0.021710 0.001300 0.008955 0.998142 0.060274 9.187200 -0.022289 -0.060062 0.997946 -1.322800 0.000000 0.000000 0.000000 1.000000
0.999636 -0.007994 0.025782 0.001300 0.006398 0.998094 0.061379 9.187200 -0.026224 -0.061192 0.997781 -1.322800 0.000000 0.000000 0.000000 1.000000
0.999563 -0.006742 0.028771 0.001300 0.004921 0.998006 0.062920 9.187200 -0.029138 -0.062751 0.997604 -1.322800 0.000000 0.000000 0.000000 1.000000
0.999505 -0.006332 0.030806 0.001300 0.004332 0.997904 0.064564 9.187200 -0.031150 -0.064399 0.997438 -1.322800 0.000000 0.000000 0.000000 1.000000
0.999458 -0.006014 0.032357 0.001300 0.003858 0.997793 0.066292 9.187200 -0.032684 -0.066132 0.997275 -1.322800 0.000000 0.000000 0.000000 1.000000
0.999411 -0.005309 0.033916 0.001300 0.002962 0.997622 0.068862 9.187200 -0.034201 -0.068721 0.997050 -1.322800 0.000000 0.000000 0.000000 1.000000
0.999351 -0.003919 0.035802 0.001300 0.001339 0.997419 0.071795 9.187200 -0.035991 -0.071701 0.996777 -1.322800 0.000000 0.000000 0.000000 1.000000
0.999290 -0.001315 0.037655 0.001300 -0.001494 0.997221 0.074479 9.187200 -0.037648 -0.074482 0.996511 -1.322800 0.000000 0.000000 0.000000 1.000000
0.999240 0.002681 0.038886 0.001300 -0.005668 0.997020 0.076933 9.187200 -0.038564 -0.077095 0.996278 -1.322800 0.000000 0.000000 0.000000 1.000000
0.999197 0.008209 0.039226 0.001300 -0.011275 0.996842 0.078607 9.187200 -0.038456 -0.078986 0.996134 -1.322800 0.000000 0.000000 0.000000 1.000000
0.999150 0.014476 0.038607 0.001300 -0.017510 0.996686 0.079441 9.187200 -0.037329 -0.080049 0.996092 -1.322800 0.000000 0.000000 0.000000 1.000000
0.999100 0.020464 0.037151 0.001300 -0.023358 0.996584 0.079208 9.187200 -0.035403 -0.080004 0.996166 -1.322800 0.000000 0.000000 0.000000 1.000000
0.999052 0.026058 0.034859 0.001300 -0.028716 0.996537 0.078041 9.187200 -0.032704 -0.078968 0.996341 -1.322800 0.000000 0.000000 0.000000 1.000000
0.999026 0.031076 0.031312 0.001300 -0.033389 0.996529 0.076252 9.187200 -0.028833 -0.077224 0.996597 -1.322800 0.000000 0.000000 0.000000 1.000000
0.999049 0.034305 0.026901 0.001300 -0.036210 0.996613 0.073829 9.187200 -0.024277 -0.074732 0.996908 -1.322800 0.000000 0.000000 0.000000 1.000000
0.999120 0.035611 0.022164 0.001300 -0.037103 0.996785 0.071012 9.187200 -0.019563 -0.071772 0.997229 -1.322800 0.000000 0.000000 0.000000 1.000000
0.999246 0.034892 0.017042 0.001300 -0.035979 0.997014 0.068332 9.187200 -0.014607 -0.068894 0.997517 -1.322800 0.000000 0.000000 0.000000 1.000000
0.999423 0.032050 0.011252 0.001300 -0.032727 0.997268 0.066216 9.187200 -0.009099 -0.066546 0.997742 -1.322800 0.000000 0.000000 0.000000 1.000000
0.999612 0.027437 0.004833 0.001300 -0.027693 0.997514 0.064806 9.187200 -0.003043 -0.064915 0.997886 -1.322800 0.000000 0.000000 0.000000 1.000000
0.999761 0.021771 -0.001756 0.001300 -0.021614 0.997721 0.063922 9.187200 0.003144 -0.063869 0.997953 -1.322800 0.000000 0.000000 0.000000 1.000000
0.999843 0.015931 -0.007812 0.001300 -0.015404 0.997870 0.063395 9.187200 0.008805 -0.063265 0.997958 -1.322800 0.000000 0.000000 0.000000 1.000000
0.999859 0.010927 -0.012731 0.001300 -0.010100 0.997944 0.063296 9.187200 0.013397 -0.063158 0.997914 -1.322800 0.000000 0.000000 0.000000 1.000000
0.999839 0.007464 -0.016333 0.001300 -0.006409 0.997946 0.063735 9.187200 0.016775 -0.063620 0.997833 -1.322800 0.000000 0.000000 0.000000 1.000000
0.999808 0.005596 -0.018767 0.001300 -0.004372 0.997899 0.064639 9.187200 0.019089 -0.064544 0.997732 -1.322800 0.000000 0.000000 0.000000 1.000000
0.999784 0.004680 -0.020257 0.001300 -0.003336 0.997821 0.065898 9.187200 0.020522 -0.065816 0.997621 -1.322800 0.000000 0.000000 0.000000 1.000000
0.999776 0.003846 -0.020826 0.001300 -0.002434 0.997720 0.067442 9.187200 0.021038 -0.067376 0.997506 -1.322800 0.000000 0.000000 0.000000 1.000000
0.999777 0.002565 -0.020965 0.001300 -0.001111 0.997614 0.069034 9.187200 0.021092 -0.068995 0.997394 -1.322800 0.000000 0.000000 0.000000 1.000000
0.999780 0.000097 -0.020995 0.001300 0.001383 0.997513 0.070464 9.187200 0.020950 -0.070478 0.997293 -1.322800 0.000000 0.000000 0.000000 1.000000
0.999774 -0.003802 -0.020917 0.001300 0.005292 0.997416 0.071654 9.187200 0.020591 -0.071748 0.997210 -1.322800 0.000000 0.000000 0.000000 1.000000
0.999745 -0.009069 -0.020667 0.001300 0.010544 0.997318 0.072424 9.187200 0.019955 -0.072623 0.997160 -1.322800 0.000000 0.000000 0.000000 1.000000
0.999685 -0.014977 -0.020158 0.001300 0.016407 0.997215 0.072748 9.187200 0.019013 -0.073055 0.997147 -1.322800 0.000000 0.000000 0.000000 1.000000
0.999593 -0.020831 -0.019511 0.001300 0.022193 0.997129 0.072393 9.187200 0.017947 -0.072796 0.997185 -1.322800 0.000000 0.000000 0.000000 1.000000
0.999466 -0.026787 -0.018724 0.001300 0.028054 0.997077 0.071064 9.187200 0.016765 -0.071551 0.997296 -1.322800 0.000000 0.000000 0.000000 1.000000
0.999360 -0.031364 -0.017192 0.001300 0.032478 0.997094 0.068906 9.187200 0.014981 -0.069420 0.997475 -1.322800 0.000000 0.000000 0.000000 1.000000
0.999295 -0.034412 -0.015044 0.001300 0.035335 0.997186 0.066118 9.187200 0.012727 -0.066603 0.997698 -1.322800 0.000000 0.000000 0.000000 1.000000
0.999265 -0.036386 -0.012095 0.001300 0.037077 0.997330 0.062914 9.187200 0.009773 -0.063316 0.997946 -1.322800 0.000000 0.000000 0.000000 1.000000
0.999280 -0.037093 -0.007933 0.001300 0.037501 0.997510 0.059727 9.187200 0.005697 -0.059982 0.998183 -1.322800 0.000000 0.000000 0.000000 1.000000
0.999364 -0.035567 -0.002370 0.001300 0.035644 0.997738 0.056998 9.187200 0.000338 -0.057047 0.998371 -1.322800 0.000000 0.000000 0.000000 1.000000
0.999489 -0.031684 0.004198 0.001300 0.031404 0.997983 0.055162 9.187200 -0.005938 -0.055002 0.998469 -1.322800 0.000000 0.000000 0.000000 1.000000
0.999585 -0.026582 0.011091 0.001300 0.025941 0.998183 0.054391 9.187200 -0.012517 -0.054081 0.998458 -1.322800 0.000000 0.000000 0.000000 1.000000
0.999615 -0.021294 0.017772 0.001300 0.020299 0.998313 0.054394 9.187200 -0.018901 -0.054012 0.998361 -1.322800 0.000000 0.000000 0.000000 1.000000
0.999586 -0.016280 0.023740 0.001300 0.014960 0.998387 0.054763 9.187200 -0.024593 -0.054385 0.998217 -1.322800 0.000000 0.000000 0.000000 1.000000
0.999520 -0.012040 0.028537 0.001300 0.010446 0.998410 0.055393 9.187200 -0.029159 -0.055068 0.998057 -1.322800 0.000000 0.000000 0.000000 1.000000
0.999440 -0.009258 0.032152 0.001300 0.007434 0.998381 0.056391 9.187200 -0.032622 -0.056121 0.997891 -1.322800 0.000000 0.000000 0.000000 1.000000
0.999364 -0.007696 0.034823 0.001300 0.005676 0.998316 0.057737 9.187200 -0.035209 -0.057503 0.997724 -1.322800 0.000000 0.000000 0.000000 1.000000
0.999303 -0.006764 0.036722 0.001300 0.004576 0.998226 0.059366 9.187200 -0.037059 -0.059156 0.997561 -1.322800 0.000000 0.000000 0.000000 1.000000
0.999244 -0.006103 0.038404 0.001300 0.003741 0.998114 0.061271 9.187200 -0.038706 -0.061081 0.997382 -1.322800 0.000000 0.000000 0.000000 1.000000
0.999177 -0.005168 0.040239 0.001300 0.002603 0.997976 0.063535 9.187200 -0.040486 -0.063378 0.997168 -1.322800 0.000000 0.000000 0.000000 1.000000
0.999111 -0.003337 0.042035 0.001300 0.000555 0.997819 0.066013 9.187200 -0.042163 -0.065931 0.996933 -1.322800 0.000000 0.000000 0.000000 1.000000
0.999069 0.000065 0.043143 0.001300 -0.003008 0.997670 0.068164 9.187200 -0.043038 -0.068231 0.996741 -1.322800 0.000000 0.000000 0.000000 1.000000
0.999053 0.004920 0.043233 0.001300 -0.007927 0.997539 0.069663 9.187200 -0.042784 -0.069939 0.996633 -1.322800 0.000000 0.000000 0.000000 1.000000
0.999045 0.010398 0.042436 0.001300 -0.013383 0.997410 0.070674 9.187200 -0.041591 -0.071174 0.996596 -1.322800 0.000000 0.000000 0.000000 1.000000
0.999032 0.015832 0.041036 0.001300 -0.018731 0.997282 0.071252 9.187200 -0.039797 -0.071952 0.996614 -1.322800 0.000000 0.000000 0.000000 1.000000
0.999013 0.020945 0.039166 0.001300 -0.023697 0.997183 0.071171 9.187200 -0.037565 -0.072029 0.996695 -1.322800 0.000000 0.000000 0.000000 1.000000
0.998988 0.025830 0.036810 0.001300 -0.028379 0.997110 0.070478 9.187200 -0.034884 -0.071451 0.996834 -1.322800 0.000000 0.000000 0.000000 1.000000
0.998994 0.029613 0.033675 0.001300 -0.031891 0.997088 0.069272 9.187200 -0.031525 -0.070276 0.997029 -1.322800 0.000000 0.000000 0.000000 1.000000
0.999030 0.031989 0.030259 0.001300 -0.033972 0.997141 0.067495 9.187200 -0.028013 -0.068457 0.997261 -1.322800 0.000000 0.000000 0.000000 1.000000
0.999113 0.032830 0.026374 0.001300 -0.034499 0.997256 0.065507 9.187200 -0.024151 -0.066359 0.997503 -1.322800 0.000000 0.000000 0.000000 1.000000
0.999265 0.031711 0.021549 0.001300 -0.033029 0.997413 0.063849 9.187200 -0.019468 -0.064514 0.997727 -1.322800 0.000000 0.000000 0.000000 1.000000
0.999466 0.028600 0.015818 0.001300 -0.029540 0.997587 0.062825 9.187200 -0.013983 -0.063259 0.997899 -1.322800 0.000000 0.000000 0.000000 1.000000
0.999663 0.024051 0.009749 0.001300 -0.024614 0.997748 0.062402 9.187200 -0.008226 -0.062621 0.998003 -1.322800 0.000000 0.000000 0.000000 1.000000
0.999816 0.018778 0.003968 0.001300 -0.018989 0.997869 0.062419 9.187200 -0.002788 -0.062483 0.998042 -1.322800 0.000000 0.000000 0.000000 1.000000
0.999906 0.013699 -0.001106 0.001300 -0.013602 0.997931 0.062833 9.187200 0.001965 -0.062812 0.998023 -1.322800 0.000000 0.000000 0.000000 1.000000
0.999938 0.009840 -0.005299 0.001300 -0.009483 0.997924 0.063693 9.187200 0.005915 -0.063639 0.997955 -1.322800 0.000000 0.000000 0.000000 1.000000
0.999931 0.007769 -0.008759 0.001300 -0.007184 0.997862 0.064954 9.187200 0.009244 -0.064887 0.997850 -1.322800 0.000000 0.000000 0.000000 1.000000
0.999906 0.007267 -0.011623 0.001300 -0.006479 0.997770 0.066434 9.187200 0.012080 -0.066352 0.997723 -1.322800 0.000000 0.000000 0.000000 1.000000
0.999877 0.007724 -0.013686 0.001300 -0.006772 0.997647 0.068230 9.187200 0.014181 -0.068129 0.997576 -1.322800 0.000000 0.000000 0.000000 1.000000
0.999844 0.008739 -0.015348 0.001300 -0.007638 0.997491 0.070378 9.187200 0.015924 -0.070249 0.997402 -1.322800 0.000000 0.000000 0.000000 1.000000
0.999809 0.009575 -0.017055 0.001300 -0.008315 0.997335 0.072482 9.187200 0.017703 -0.072326 0.997224 -1.322800 0.000000 0.000000 0.000000 1.000000
0.999787 0.009236 -0.018465 0.001300 -0.007840 0.997206 0.074286 9.187200 0.019100 -0.074125 0.997066 -1.322800 0.000000 0.000000 0.000000 1.000000
0.999783 0.007183 -0.019559 0.001300 -0.005680 0.997104 0.075839 9.187200 0.020048 -0.075711 0.996928 -1.322800 0.000000 0.000000 0.000000 1.000000
0.999784 0.003338 -0.020495 0.001300 -0.001748 0.997022 0.077093 9.187200 0.020691 -0.077041 0.996813 -1.322800 0.000000 0.000000 0.000000 1.000000
0.999771 -0.001466 -0.021335 0.001300 0.003119 0.996974 0.077676 9.187200 0.021157 -0.077725 0.996750 -1.322800 0.000000 0.000000 0.000000 1.000000
0.999731 -0.006373 -0.022303 0.001300 0.008083 0.996965 0.077432 9.187200 0.021742 -0.077592 0.996748 -1.322800 0.000000 0.000000 0.000000 1.000000
0.999668 -0.011315 -0.023159 0.001300 0.013056 0.996987 0.076457 9.187200 0.022224 -0.076734 0.996804 -1.322800 0.000000 0.000000 0.000000 1.000000
0.999592 -0.016490 -0.023301 0.001300 0.018189 0.997041 0.074693 9.187200 0.022001 -0.075086 0.996934 -1.322800 0.000000 0.000000 0.000000 1.000000
0.999546 -0.020580 -0.021991 0.001300 0.022120 0.997144 0.072207 9.187200 0.020442 -0.072660 0.997147 -1.322800 0.000000 0.000000 0.000000 1.000000
0.999545 -0.023199 -0.019279 0.001300 0.024486 0.997286 0.069430 9.187200 0.017616 -0.069870 0.997401 -1.322800 0.000000 0.000000 0.000000 1.000000
0.999579 -0.024781 -0.015070 0.001300 0.025733 0.997446 0.066627 9.187200 0.013380 -0.066987 0.997664 -1.322800 0.000000 0.000000 0.000000 1.000000
0.999645 -0.024940 -0.009367 0.001300 0.025489 0.997630 0.063920 9.187200 0.007750 -0.064136 0.997911 -1.322800 0.000000 0.000000 0.000000 1.000000
0.999741 -0.022725 -0.001322 0.001300 0.022763 0.997840 0.061627 9.187200 -0.000081 -0.061641 0.998098 -1.322800 0.000000 0.000000 0.000000 1.000000
0.999796 -0.018380 0.008324 0.001300 0.017850 0.998047 0.059863 9.187200 -0.009408 -0.059702 0.998172 -1.322800 0.000000 0.000000 0.000000 1.000000
0.999788 -0.015876 0.013100 0.001300 0.015076 0.998139 0.059088 9.187200 -0.014014 -0.058878 0.998167 -1.322800 0.000000 0.000000 0.000000 1.000000</float_array><technique_common><accessor source="#mixamorig_Spine-Matrix-animation-output-transform-array" count="85" stride="16"><param type="float4x4"/></accessor></technique_common></source><source id="mixamorig_Spine-Interpolations"><Name_array id="mixamorig_Spine-Interpolations-array" count="85">
 LINEAR LINEAR LINEAR LINEAR LINEAR LINEAR LINEAR LINEAR LINEAR LINEAR LINEAR
LINEAR LINEAR LINEAR LINEAR LINEAR LINEAR LINEAR LINEAR LINEAR LINEAR LINEAR LINEAR
LINEAR LINEAR LINEAR LINEAR LINEAR LINEAR LINEAR LINEAR LINEAR LINEAR LINEAR LINEAR
LINEAR LINEAR LINEAR LINEAR LINEAR LINEAR LINEAR LINEAR LINEAR LINEAR LINEAR LINEAR
LINEAR LINEAR LINEAR LINEAR LINEAR LINEAR LINEAR LINEAR LINEAR LINEAR LINEAR LINEAR
LINEAR LINEAR LINEAR LINEAR LINEAR LINEAR LINEAR LINEAR LINEAR LINEAR LINEAR LINEAR
LINEAR LINEAR LINEAR LINEAR LINEAR LINEAR LINEAR LINEAR LINEAR LINEAR LINEAR LINEAR
LINEAR LINEAR</Name_array><technique_common><accessor source="#mixamorig_Spine-Interpolations-array" count="85"><param type="name"/></accessor></technique_common></source><sampler id="mixamorig_Spine-Matrix-animation-transform"><input semantic="INPUT" source="#mixamorig_Spine-Matrix-animation-input"/><input semantic="OUTPUT" source="#mixamorig_Spine-Matrix-animation-output-transform"/><input semantic="INTERPOLATION" source="#mixamorig_Spine-Interpolations"/></sampler><channel source="#mixamorig_Spine-Matrix-animation-transform" target="mixamorig_Spine/matrix"/></animation>
    <animation id="mixamorig_Spine1-anim" name="mixamorig_Spine1"><source id="mixamorig_Spine1-Matrix-animation-input"><float_array id="mixamorig_Spine1-Matrix-animation-input-array" count="85">

0.000000 0.033333 0.066667 0.100000 0.133333 0.166667 0.200000 0.233333 0.266667 0.300000 0.333333 0.366667 0.400000 0.433333 0.466667 0.500000
0.533333 0.566667 0.600000 0.633333 0.666667 0.700000 0.733333 0.766667 0.800000 0.833333 0.866667 0.900000 0.933333 0.966667 1.000000 1.033333
1.066667 1.100000 1.133333 1.166667 1.200000 1.233333 1.266667 1.300000 1.333333 1.366667 1.400000 1.433333 1.466667 1.500000 1.533333 1.566667
1.600000 1.633333 1.666667 1.700000 1.733333 1.766667 1.800000 1.833333 1.866667 1.900000 1.933333 1.966667 2.000000 2.033333 2.066667 2.100000
2.133333 2.166667 2.200000 2.233333 2.266667 2.300000 2.333333 2.366667 2.400000 2.433333 2.466667 2.500000 2.533333 2.566667 2.600000 2.633333
2.666667 2.700000 2.733333 2.766667 2.800000</float_array><technique_common><accessor source="#mixamorig_Spine1-Matrix-animation-input-array" count="85"><param name="TIME" type="float"/></accessor></technique_common></source><source id="mixamorig_Spine1-Matrix-animation-output-transform"><float_array id="mixamorig_Spine1-Matrix-animation-output-transform-array" count="1360">

0.999416 -0.018598 0.028670 -0.000000 0.020802 0.996690 -0.078595 11.431300 -0.027114 0.079146 0.996494 -0.000000 0.000000 0.000000 0.000000 1.000000
0.999158 -0.014760 0.038284 0.000000 0.017705 0.996814 -0.077774 11.431300 -0.037014 0.078386 0.996236 0.000000 0.000000 0.000000 0.000000 1.000000
0.998936 -0.013394 0.044141 0.000000 0.016732 0.996957 -0.076133 11.431300 -0.042987 0.076791 0.996120 -0.000000 0.000000 0.000000 0.000000 1.000000
0.998587 -0.011392 0.051899 0.000000 0.015214 0.997153 -0.073848 11.431300 -0.050910 0.074534 0.995918 0.000000 0.000000 0.000000 0.000000 1.000000
0.998263 -0.010759 0.057922 0.000000 0.014851 0.997388 -0.070687 11.431300 -0.057010 0.071424 0.995815 0.000000 0.000000 0.000000 0.000000 1.000000
0.997992 -0.010777 0.062414 0.000000 0.014984 0.997617 -0.067341 11.431300 -0.061539 0.068141 0.995776 0.000000 0.000000 0.000000 0.000000 1.000000
0.997778 -0.010066 0.065867 0.000000 0.014283 0.997856 -0.063875 11.431300 -0.065082 0.064674 0.995782 0.000000 0.000000 0.000000 0.000000 1.000000
0.997567 -0.008373 0.069214 0.000000 0.012455 0.998195 -0.058755 11.431300 -0.068597 0.059474 0.995870 0.000000 0.000000 0.000000 0.000000 1.000000
0.997314 -0.005323 0.073052 0.000000 0.009207 0.998556 -0.052931 11.431300 -0.072665 0.053461 0.995923 0.000000 0.000000 0.000000 0.000000 1.000000
0.997049 -0.000302 0.076769 0.000000 0.003970 0.998857 -0.047632 11.431300 -0.076667 0.047796 0.995910 0.000000 0.000000 0.000000 0.000000 1.000000
0.996831 0.007363 0.079210 0.000000 -0.003975 0.999074 -0.042851 11.431300 -0.079452 0.042400 0.995937 0.000000 0.000000 0.000000 0.000000 1.000000
0.996651 0.017889 0.079796 0.000000 -0.014756 0.999103 -0.039691 11.431300 -0.080434 0.038381 0.996021 -0.000000 0.000000 0.000000 0.000000 1.000000
0.996487 0.029793 0.078266 0.000000 -0.026863 0.998908 -0.038234 11.431300 -0.079319 0.035997 0.996199 0.000000 0.000000 0.000000 0.000000 1.000000
0.996382 0.040641 0.074647 0.000000 -0.037817 0.998529 -0.038855 11.431300 -0.076116 0.035891 0.996453 0.000000 0.000000 0.000000 0.000000 1.000000
0.996433 0.049083 0.068647 0.000000 -0.046324 0.998076 -0.041212 11.431300 -0.070537 0.037885 0.996789 0.000000 0.000000 0.000000 0.000000 1.000000
0.996708 0.054617 0.059921 0.000000 -0.051982 0.997648 -0.044686 11.431300 -0.062220 0.041424 0.997202 0.000000 0.000000 0.000000 0.000000 1.000000
0.997175 0.056358 0.049660 0.000000 -0.053907 0.997324 -0.049378 11.431300 -0.052310 0.046562 0.997545 0.000000 0.000000 0.000000 0.000000 1.000000
0.997686 0.055477 0.039301 0.000000 -0.053280 0.997070 -0.054887 11.431300 -0.042231 0.052666 0.997719 -0.000000 0.000000 0.000000 0.000000 1.000000
0.998220 0.052183 0.028878 0.000000 -0.050375 0.996916 -0.060166 11.431300 -0.031928 0.058604 0.997771 -0.000000 0.000000 0.000000 0.000000 1.000000
0.998781 0.046050 0.017797 0.000000 -0.044818 0.996921 -0.064348 11.431300 -0.020706 0.063472 0.997769 -0.000000 0.000000 0.000000 0.000000 1.000000
0.999267 0.037800 0.005996 0.000000 -0.037313 0.997045 -0.067146 11.431300 -0.008517 0.066873 0.997725 -0.000000 0.000000 0.000000 0.000000 1.000000
0.999563 0.028948 -0.005901 0.000000 -0.029287 0.997193 -0.068914 11.431300 0.003890 0.069057 0.997605 0.000000 0.000000 0.000000 0.000000 1.000000
0.999642 0.020768 -0.016863 0.000000 -0.021900 0.997309 -0.069964 11.431300 0.015365 0.070309 0.997407 0.000000 0.000000 0.000000 0.000000 1.000000
0.999562 0.014244 -0.025953 0.000000 -0.016035 0.997408 -0.070146 11.431300 0.024887 0.070532 0.997199 -0.000000 0.000000 0.000000 0.000000 1.000000
0.999413 0.009863 -0.032820 0.000000 -0.012119 0.997526 -0.069245 11.431300 0.032056 0.069602 0.997060 -0.000000 0.000000 0.000000 0.000000 1.000000
0.999264 0.007535 -0.037605 0.000000 -0.010060 0.997674 -0.067419 11.431300 0.037010 0.067748 0.997016 0.000000 0.000000 0.000000 0.000000 1.000000
0.999153 0.006436 -0.040648 0.000000 -0.009067 0.997851 -0.064888 11.431300 0.040144 0.065202 0.997064 0.000000 0.000000 0.000000 0.000000 1.000000
0.999096 0.005132 -0.042192 -0.000000 -0.007737 0.998058 -0.061804 11.431300 0.041793 0.062075 0.997196 0.000000 0.000000 0.000000 0.000000 1.000000
0.999083 0.002476 -0.042736 0.000000 -0.004983 0.998266 -0.058652 11.431300 0.042516 0.058811 0.997363 0.000000 0.000000 0.000000 0.000000 1.000000
0.999082 -0.002507 -0.042756 0.000000 0.000115 0.998439 -0.055845 11.431300 0.042830 0.055789 0.997524 0.000000 0.000000 0.000000 0.000000 1.000000
0.999052 -0.010270 -0.042298 0.000000 0.007998 0.998533 -0.053546 11.431300 0.042785 0.053157 0.997669 0.000000 0.000000 0.000000 0.000000 1.000000
0.998929 -0.020608 -0.041416 0.000000 0.018438 0.998471 -0.052106 11.431300 0.042427 0.051287 0.997782 0.000000 0.000000 0.000000 0.000000 1.000000
0.998694 -0.031569 -0.040183 0.000000 0.029481 0.998235 -0.051548 11.431300 0.041739 0.050296 0.997862 0.000000 0.000000 0.000000 0.000000 1.000000
0.998389 -0.041775 -0.038391 0.000000 0.039741 0.997840 -0.052316 11.431300 0.040494 0.050706 0.997892 -0.000000 0.000000 0.000000 0.000000 1.000000
0.998095 -0.050383 -0.035606 -0.000000 0.048383 0.997315 -0.054967 11.431300 0.038280 0.053140 0.997853 0.000000 0.000000 0.000000 0.000000 1.000000
0.997986 -0.055196 -0.031265 -0.000000 0.053277 0.996823 -0.059211 11.431300 0.034434 0.057426 0.997756 0.000000 0.000000 0.000000 0.000000 1.000000
0.998090 -0.056246 -0.025560 -0.000000 0.054496 0.996417 -0.064674 11.431300 0.029106 0.063157 0.997579 0.000000 0.000000 0.000000 0.000000 1.000000
0.998272 -0.055779 -0.018511 0.000000 0.054336 0.995996 -0.070984 11.431300 0.022397 0.069855 0.997306 -0.000000 0.000000 0.000000 0.000000 1.000000
0.998469 -0.054471 -0.009638 0.000000 0.053567 0.995568 -0.077294 11.431300 0.013806 0.076660 0.996962 0.000000 0.000000 0.000000 0.000000 1.000000
0.998710 -0.050771 0.001237 0.000000 0.050699 0.995283 -0.082714 11.431300 0.002968 0.082670 0.996573 0.000000 0.000000 0.000000 0.000000 1.000000
0.998935 -0.044143 0.013403 -0.000000 0.045138 0.995240 -0.086367 11.431300 -0.009526 0.086880 0.996173 0.000000 0.000000 0.000000 0.000000 1.000000
0.999010 -0.036199 0.025859 -0.000000 0.038343 0.995391 -0.087897 11.431300 -0.022558 0.088802 0.995794 -0.000000 0.000000 0.000000 0.000000 1.000000
0.998876 -0.028446 0.037916 0.000000 0.031689 0.995628 -0.087873 11.431300 -0.035251 0.088976 0.995410 0.000000 0.000000 0.000000 0.000000 1.000000
0.998580 -0.021387 0.048798 0.000000 0.025586 0.995871 -0.087104 11.431300 -0.046734 0.088229 0.995003 0.000000 0.000000 0.000000 0.000000 1.000000
0.998211 -0.015622 0.057708 0.000000 0.020549 0.996100 -0.085802 11.431300 -0.056143 0.086835 0.994639 0.000000 0.000000 0.000000 0.000000 1.000000
0.997833 -0.012197 0.064651 0.000000 0.017605 0.996331 -0.083753 11.431300 -0.063392 0.084709 0.994387 0.000000 0.000000 0.000000 0.000000 1.000000
0.997476 -0.010764 0.070184 0.000000 0.016453 0.996579 -0.080992 11.431300 -0.069072 0.081943 0.994241 -0.000000 0.000000 0.000000 0.000000 1.000000
0.997153 -0.009916 0.074745 -0.000000 0.015736 0.996854 -0.077682 11.431300 -0.073740 0.078637 0.994172 0.000000 0.000000 0.000000 0.000000 1.000000
0.996862 -0.008578 0.078691 0.000000 0.014412 0.997164 -0.073873 11.431300 -0.077834 0.074775 0.994158 -0.000000 0.000000 0.000000 0.000000 1.000000
0.996573 -0.006312 0.082473 -0.000000 0.012061 0.997517 -0.069389 11.431300 -0.081831 0.070146 0.994175 0.000000 0.000000 0.000000 0.000000 1.000000
